HYDROGEN
S   2
  1      5.4471780              0.1562850        
  2      0.8245470              0.9046910        
S   1
  1      0.1831920              1.0000000        
S   1
  1      0.0360000              1.0000000

LITHIUM
S   3
  1     36.8382000              0.0696686        
  2      5.4817200              0.3813460        
  3      1.1132700              0.6817020        
S   2
  1      0.5402050             -0.2631270
  2      0.1022550              1.1433900
P   2
  1      0.5402050              0.1615460
  2      0.1022550              0.9156630
S   1
  1      0.0285650              1.0000000
P   1
  1      0.0285650              1.0000000
S   1
  1      0.0074000              1.0000000
P   1
  1      0.0074000              1.0000000

BERYLLIUM
S   3
  1     71.8876000              0.0644263        
  2     10.7289000              0.3660960        
  3      2.2220500              0.6959340        
S   2
  1      1.2954800             -0.4210640
  2      0.2688810              1.2240700
P   2
  1      1.2954800              0.2051320
  2      0.2688810              0.8825280
S   1
  1      0.0773500              1.0000000
P   1
  1      0.0773500              1.0000000
S   1
  1      0.0207000              1.0000000
P   1
  1      0.0207000              1.0000000

BORON
S   3
  1    116.4340000              0.0629605        
  2     17.4314000              0.3633040        
  3      3.6801600              0.6972550        
S   2
  1      2.2818700             -0.3686620
  2      0.4652480              1.1994400
P   2
  1      2.2818700              0.2311520
  2      0.4652480              0.8667640
S   1
  1      0.1243280              1.0000000
P   1
  1      0.1243280              1.0000000
S   1
  1      0.0315000              1.0000000
P   1
  1      0.0315000              1.0000000

CARBON
S   3
  1    172.2560000              0.0617669        
  2     25.9109000              0.3587940        
  3      5.5333500              0.7007130        
S   2
  1      3.6649800             -0.3958970
  2      0.7705450              1.2158400
P   2
  1      3.6649800              0.2364600
  2      0.7705450              0.8606190
S   1
  1      0.1958570              1.0000000
P   1
  1      0.1958570              1.0000000
S   1
  1      0.0438000              1.0000000
P   1
  1      0.0438000              1.0000000

NITROGEN
S   3
  1    242.7660000              0.0598657        
  2     36.4851000              0.3529550        
  3      7.8144900              0.7065130        
S   2
  1      5.4252200             -0.4133010
  2      1.1491500              1.2244200
P   2
  1      5.4252200              0.2379720
  2      1.1491500              0.8589530
S   1
  1      0.2832050              1.0000000
P   1
  1      0.2832050              1.0000000
S   1
  1      0.0639000              1.0000000
P   1
  1      0.0639000              1.0000000

OXYGEN
S   3
  1    322.0370000              0.0592394        
  2     48.4308000              0.3515000        
  3     10.4206000              0.7076580        
S   2
  1      7.4029400             -0.4044530
  2      1.5762000              1.2215600
P   2
  1      7.4029400              0.2445860
  2      1.5762000              0.8539550
S   1
  1      0.3736840              1.0000000
P   1
  1      0.3736840              1.0000000
S   1
  1      0.0845000              1.0000000
P   1
  1      0.0845000              1.0000000

FLUORINE
S   3
  1    413.8010000              0.0585483        
  2     62.2446000              0.3493080        
  3     13.4340000              0.7096320        
S   2
  1      9.7775900             -0.4073270
  2      2.0861700              1.2231400
P   2
  1      9.7775900              0.2466800
  2      2.0861700              0.8523210
S   1
  1      0.4823830              1.0000000
P   1
  1      0.4823830              1.0000000
S   1
  1      0.1076000              1.0000000
P   1
  1      0.1076000              1.0000000

NEON
S   3
  1    515.7240000              0.0581430        
  2     77.6538000              0.3479510        
  3     16.8136000              0.7107140        
S   2
  1     12.4830000             -0.4099220
  2      2.6645100              1.2243100
P   2
  1     12.4830000              0.2474600
  2      2.6645100              0.8517430
S   1
  1      0.6062500              1.0000000
P   1
  1      0.6062500              1.0000000
S   1
  1      0.1300000              1.0000000
P   1
  1      0.1300000              1.0000000

SODIUM
S   3
  1    547.6130000              0.0674911        
  2     82.0678000              0.3935050        
  3     17.6917000              0.6656050        
S   3
  1     17.5407000             -0.1119370
  2      3.7939800              0.2546540
  3      0.9064410              0.8444170
P   3
  1     17.5407000              0.1282330
  2      3.7939800              0.4715330
  3      0.9064410              0.6042730
S   2
  1      0.5018240             -0.2196600
  2      0.0609458              1.0891200
P   2
  1      0.5018240              0.0090665
  2      0.0609458              0.9972020
S   1
  1      0.0244349              1.0000000
P   1
  1      0.0244349              1.0000000
S   1
  1      0.0076000              1.0000000
P   1
  1      0.0076000              1.0000000

MAGNESIUM
S   3
  1    652.8410000              0.0675982        
  2     98.3805000              0.3917780        
  3     21.2996000              0.6666610        
S   3
  1     23.3727000             -0.1102460
  2      5.1995300              0.1841190
  3      1.3150800              0.8963990
P   3
  1     23.3727000              0.1210140
  2      5.1995300              0.4628100
  3      1.3150800              0.6069070
S   2
  1      0.6113490             -0.3611010
  2      0.1418410              1.2150500
P   2
  1      0.6113490              0.0242633
  2      0.1418410              0.9866730
S   1
  1      0.0464011              1.0000000
P   1
  1      0.0464011              1.0000000
S   1
  1      0.0146000              1.0000000
P   1
  1      0.0146000              1.0000000

ALUMINUM
S   3
  1    775.7370000              0.0668347        
  2    116.9520000              0.3890610        
  3     25.3326000              0.6694680        
S   3
  1     29.4796000             -0.1079020
  2      6.6331400              0.1462450
  3      1.7267500              0.9237300
P   3
  1     29.4796000              0.1175740
  2      6.6331400              0.4611740
  3      1.7267500              0.6055350
S   2
  1      0.9461600             -0.3203270
  2      0.2025060              1.1841200
P   2
  1      0.9461600              0.0519383
  2      0.2025060              0.9726600
S   1
  1      0.0639088              1.0000000
P   1
  1      0.0639088              1.0000000
S   1
  1      0.0318000              1.0000000
P   1
  1      0.0318000              1.0000000

SILICON
S   3
  1    910.6550000              0.0660823        
  2    137.3360000              0.3862290        
  3     29.7601000              0.6723800        
S   3
  1     36.6716000             -0.1045110
  2      8.3172900              0.1074100
  3      2.2164500              0.9514460
P   3
  1     36.6716000              0.1133550
  2      8.3172900              0.4575780
  3      2.2164500              0.6074270
S   2
  1      1.0791300             -0.3761080
  2      0.3024220              1.2516500
P   2
  1      1.0791300              0.0671030
  2      0.3024220              0.9568830
S   1
  1      0.0933392              1.0000000
P   1
  1      0.0933392              1.0000000
S   1
  1      0.0331000              1.0000000
P   1
  1      0.0331000              1.0000000

PHOSPHORUS
S   3
  1   1054.9000000              0.0655410        
  2    159.1950000              0.3840360        
  3     34.5304000              0.6745410        
S   3
  1     44.2866000             -0.1021300
  2     10.1019000              0.0815920
  3      2.7399700              0.9697880
P   3
  1     44.2866000              0.1108510
  2     10.1019000              0.4564950
  3      2.7399700              0.6069360
S   2
  1      1.2186500             -0.3714950
  2      0.3955460              1.2709900
P   2
  1      1.2186500              0.0915820
  2      0.3955460              0.9349240
S   1
  1      0.1228110              1.0000000
P   1
  1      0.1228110              1.0000000
S   1
  1      0.0348000              1.0000000
P   1
  1      0.0348000              1.0000000

SULFUR
S   3
  1   1210.6200000              0.0650070        
  2    182.7470000              0.3820400        
  3     39.6673000              0.6765450        
S   3
  1     52.2236000             -0.1003100
  2     11.9629000              0.0650880
  3      3.2891100              0.9814550
P   3
  1     52.2236000              0.1096460
  2     11.9629000              0.4576490
  3      3.2891100              0.6042610
S   2
  1      1.2238400             -0.2860890
  2      0.4573030              1.2280600
P   2
  1      1.2238400              0.1647770
  2      0.4573030              0.8708550
S   1
  1      0.1422690              1.0000000
P   1
  1      0.1422690              1.0000000
S   1
  1      0.0405000              1.0000000
P   1
  1      0.0405000              1.0000000

CHLORINE
S   3
  1   1376.4000000              0.0645827        
  2    207.8570000              0.3803630        
  3     45.1554000              0.6781900        
S   3
  1     60.8014000             -0.0987639
  2     13.9765000              0.0511338
  3      3.8871000              0.9913370
P   3
  1     60.8014000              0.1085980
  2     13.9765000              0.4586820
  3      3.8871000              0.6019620
S   2
  1      1.3529900             -0.2224010
  2      0.5269550              1.1825200
P   2
  1      1.3529900              0.2192160
  2      0.5269550              0.8223210
S   1
  1      0.1667140              1.0000000
P   1
  1      0.1667140              1.0000000
S   1
  1      0.0483000              1.0000000
P   1
  1      0.0483000              1.0000000

ARGON
S   3
  1   1553.7100000              0.0641707        
  2    234.6780000              0.3787970        
  3     51.0121000              0.6797520        
S   3
  1     70.0453000             -0.0974661
  2     16.1473000              0.0390569
  3      4.5349200              0.9999160
P   3
  1     70.0453000              0.1076190
  2     16.1473000              0.4595760
  3      4.5349200              0.6000410
S   2
  1      1.5420900             -0.1768660
  2      0.6072670              1.1469000
P   2
  1      1.5420900              0.2556870
  2      0.6072670              0.7898420
S   1
  1      0.1953730              1.0000000
P   1
  1      0.1953730              1.0000000
S   1
  1      0.0600000              1.0000000
P   1
  1      0.0600000              1.0000000

POTASSIUM
S   3
  1   1721.1755000              0.0648747        
  2    260.0163300              0.3808593        
  3     56.6245540              0.6773681        
S   3
  1     71.5572000             -0.1093429
  2     15.4389400              0.1130640
  3      4.4745510              0.9462575
P   3
  1     71.5572000              0.1339654
  2     15.4389400              0.5302673
  3      4.4745510              0.5117992
S   3
  1      4.1212750             -0.2699730
  2      1.1886210              0.3646323
  3      0.3756740              0.8107533
P   3
  1      4.1212750              0.0199492
  2      1.1886210              0.4340213
  3      0.3756740              0.6453226
S   2
  1      0.2445770             -0.2688250
  2      0.0389720              1.1289830
P   2
  1      0.2445770              0.0003081
  2      0.0389720              0.9998787
S   1
  1      0.0160630              1.0000000
P   1
  1      0.0160630              1.0000000
S   1
  1      0.0047000              1.0000000
P   1
  1      0.0047000              1.0000000

CALCIUM
S   3
  1   1915.4348000              0.0646240        
  2    289.5332400              0.3798380        
  3     63.1063520              0.6783290        
S   3
  1     80.3974400             -0.1093030
  2     17.3307500              0.1089000
  3      5.0836240              0.9492770
P   3
  1     80.3974400              0.1354330
  2     17.3307500              0.5372220
  3      5.0836240              0.5018040
S   3
  1      4.7822290             -0.2816070
  2      1.4625580              0.3410510
  3      0.4792230              0.8381040
P   3
  1      4.7822290              0.0190090
  2      1.4625580              0.4360380
  3      0.4792230              0.6386710
S   2
  1      0.4396820             -0.2697050
  2      0.0591300              1.1132930
P   2
  1      0.4396820              0.0003080
  2      0.0591300              0.9998960
S   1
  1      0.0238970              1.0000000
P   1
  1      0.0238970              1.0000000
S   1
  1      0.0071000              1.0000000
P   1
  1      0.0071000              1.0000000


