COPPER
S   7
  1    560.0880000              0.0006370        
  2     56.6486000             -0.0097350        
  3     35.4258000              0.0657930        
  4     11.0546000             -0.4150350        
  5      2.3068200              0.7466110        
  6      0.9514290              0.4621730        
  7      0.1451840              0.0159830        
S   7
  1    560.0880000             -0.0001360        
  2     56.6486000              0.0014010        
  3     35.4258000             -0.0131740        
  4     11.0546000              0.0956950        
  5      2.3068200             -0.2118740        
  6      0.9514290             -0.2359440        
  7      0.1451840              0.5081150        
S   7
  1    560.0880000             -0.0003330        
  2     56.6486000              0.0059300        
  3     35.4258000             -0.0325490        
  4     11.0546000              0.2110710        
  5      2.3068200             -0.7305560        
  6      0.9514290              0.1772420        
  7      0.1451840              1.7148730        
S   1
  1      0.0503250              1.0000000        
S   1
  1      0.0174000              1.0000000        
P   6
  1     70.9739000              0.0036820        
  2     17.8510000             -0.0821280        
  3      4.2467900              0.3753790        
  4      1.8776000              0.5084090        
  5      0.7933350              0.2390950        
  6      0.1934760              0.0158500        
P   6
  1     70.9739000             -0.0006280        
  2     17.8510000              0.0165630        
  3      4.2467900             -0.0845720        
  4      1.8776000             -0.1412830        
  5      0.7933350             -0.0035710        
  6      0.1934760              0.5190050        
P   6
  1     70.9739000             -0.0009100        
  2     17.8510000              0.0299140        
  3      4.2467900             -0.1660940        
  4      1.8776000             -0.2780000        
  5      0.7933350              0.1575840        
  6      0.1934760              0.8304880        
P   1
  1      0.0573930              1.0000000        
P   1
  1      0.0170000              1.0000000        
D   5
  1     60.3804000              0.0175640        
  2     19.1121000              0.0991340        
  3      6.9528800              0.2711710        
  4      2.6099400              0.4061800        
  5      0.9225670              0.3814270        
D   5
  1     60.3804000             -0.0222860        
  2     19.1121000             -0.1282740        
  3      6.9528800             -0.3627970        
  4      2.6099400             -0.3257220        
  5      0.9225670              0.3270870        
D   1
  1      0.2836420              1.0000000        
D   1
  1      0.0872000              1.0000000        
F   1
  1      2.7482000              1.0000000        
F   1
  1      0.9066000              1.0000000

ZINC
S   7
  1    629.1260000              0.0005590        
  2     62.9635000             -0.0096800        
  3     39.5791000              0.0623540        
  4     11.9173000             -0.4148790        
  5      2.5082400              0.7544660        
  6      1.0301900              0.4589960        
  7      0.1540020              0.0116640        
S   7
  1    629.1260000             -0.0001210        
  2     62.9635000              0.0014890        
  3     39.5791000             -0.0127370        
  4     11.9173000              0.0972460        
  5      2.5082400             -0.2199170        
  6      1.0301900             -0.2364740        
  7      0.1540020              0.5812910        
S   7
  1    629.1260000              0.0004210        
  2     62.9635000             -0.0051090        
  3     39.5791000              0.0414470        
  4     11.9173000             -0.3416430        
  5      2.5082400              1.4386170        
  6      1.0301900             -0.9824290        
  7      0.1540020             -1.1876310        
S   1
  1      0.0527950              1.0000000        
S   1
  1      0.0181000              1.0000000        
P   6
  1     92.9034000              0.0024880        
  2     19.7452000             -0.0791360        
  3      4.5507300              0.3880590        
  4      2.0019000              0.5093540        
  5      0.8438790              0.2245750        
  6      0.2033810              0.0126800        
P   6
  1     92.9034000             -0.0004030        
  2     19.7452000              0.0154470        
  3      4.5507300             -0.0843250        
  4      2.0019000             -0.1364890        
  5      0.8438790              0.0008020        
  6      0.2033810              0.5157920        
P   6
  1     92.9034000             -0.0005300        
  2     19.7452000              0.0247430        
  3      4.5507300             -0.1424780        
  4      2.0019000             -0.2340320        
  5      0.8438790              0.0921870        
  6      0.2033810              0.8377700        
P   1
  1      0.0595720              1.0000000        
P   1
  1      0.0174000              1.0000000        
D   5
  1     71.2766000              0.0158950        
  2     22.7604000              0.0924540        
  3      8.3236900              0.2594720        
  4      3.1687500              0.4033140        
  5      1.1470300              0.3878340        
D   5
  1     71.2766000             -0.0225160        
  2     22.7604000             -0.1333030        
  3      8.3236900             -0.3932530        
  4      3.1687500             -0.3512140        
  5      1.1470300              0.4061710        
D   1
  1      0.3666430              1.0000000        
D   1
  1      0.1172000              1.0000000        
F   1
  1      3.2168000              1.0000000        
F   1
  1      1.0870000              1.0000000

GALLIUM
S   6
  1   2848.2000000              0.0003620        
  2    420.6640000              0.0021170        
  3     29.8118000              0.1189640        
  4     14.2207000             -0.4617230        
  5      2.6764300              0.7515590        
  6      1.1335300              0.4472020        
S   6
  1   2848.2000000             -0.0000970        
  2    420.6640000             -0.0006140        
  3     29.8118000             -0.0310690        
  4     14.2207000              0.1267840        
  5      2.6764300             -0.2642880        
  6      1.1335300             -0.2754710        
S   1
  1      0.2072200              1.0000000        
S   1
  1      0.0732510              1.0000000        
S   1
  1      0.0222000              1.0000000        
P   6
  1    109.6240000              0.0021010        
  2     21.0855000             -0.0801960        
  3      4.9226000              0.3964150        
  4      2.1559100              0.5190760        
  5      0.9019130              0.2075200        
  6      0.2020040              0.0078250        
P   6
  1    109.6240000             -0.0002880        
  2     21.0855000              0.0135550        
  3      4.9226000             -0.0736290        
  4      2.1559100             -0.1208600        
  5      0.9019130             -0.0019600        
  6      0.2020040              0.4932060        
P   1
  1      0.0574620              1.0000000        
P   1
  1      0.0145000              1.0000000        
D   6
  1     85.7978000              0.0146680        
  2     27.6822000              0.0856210        
  3     10.1760000              0.2483360        
  4      3.9220800              0.4014140        
  5      1.4585800              0.3986040        
  6      0.4887600              0.1868980        
D   1
  1      0.1772000              1.0000000        
D   1
  1      0.0514000              1.0000000

GERMANIUM
S   6
  1   2611.7400000              0.0006560        
  2    390.0300000              0.0035950        
  3     34.2279000              0.1001260        
  4     15.1072000             -0.4349590        
  5      2.9277400              0.7355000        
  6      1.2715900              0.4585920        
S   6
  1   2611.7400000             -0.0002010        
  2    390.0300000             -0.0011760        
  3     34.2279000             -0.0291870        
  4     15.1072000              0.1340270        
  5      2.9277400             -0.2958060        
  6      1.2715900             -0.3087300        
S   1
  1      0.2624970              1.0000000        
S   1
  1      0.0943060              1.0000000        
S   1
  1      0.0310000              1.0000000        
P   6
  1    108.3790000              0.0026780        
  2     22.6697000             -0.0807630        
  3      5.3689700              0.3986760        
  4      2.3602500              0.5230260        
  5      1.0045800              0.1984560        
  6      0.2608400              0.0074040        
P   6
  1    108.3790000             -0.0004610        
  2     22.6697000              0.0166580        
  3      5.3689700             -0.0917910        
  4      2.3602500             -0.1485590        
  5      1.0045800              0.0003080        
  6      0.2608400              0.5385500        
P   1
  1      0.0792270              1.0000000        
P   1
  1      0.0232000              1.0000000        
D   6
  1     98.8248000              0.0130960        
  2     32.0078000              0.0811490        
  3     11.8456000              0.2432460        
  4      4.6277200              0.4014740        
  5      1.7584400              0.4024370        
  6      0.6091920              0.1785400        
D   1
  1      0.2425000              1.0000000        
D   1
  1      0.0780000              1.0000000

ARSENIC
S   6
  1   2542.8100000              0.0011370        
  2    381.1690000              0.0060550        
  3     40.2342000              0.0841250        
  4     16.1217000             -0.4052850        
  5      3.2018900              0.7129260        
  6      1.4209600              0.4733760        
S   6
  1   2542.8100000             -0.0003900        
  2    381.1690000             -0.0021900        
  3     40.2342000             -0.0268530        
  4     16.1217000              0.1368780        
  5      3.2018900             -0.3204570        
  6      1.4209600             -0.3373910        
S   1
  1      0.3214430              1.0000000        
S   1
  1      0.1167350              1.0000000        
S   1
  1      0.0370000              1.0000000        
P   6
  1     99.5349000              0.0038570        
  2     24.1195000             -0.0851010        
  3      5.8419600              0.4047620        
  4      2.5601000              0.5314780        
  5      1.0930800              0.1840120        
  6      0.3184240              0.0057640        
P   6
  1     99.5349000             -0.0007720        
  2     24.1195000              0.0199410        
  3      5.8419600             -0.1072100        
  4      2.5601000             -0.1722590        
  5      1.0930800              0.0087610        
  6      0.3184240              0.5697440        
P   1
  1      0.1009720              1.0000000        
P   1
  1      0.0308000              1.0000000        
D   6
  1    113.5090000              0.0119800        
  2     36.8872000              0.0795440        
  3     13.6893000              0.2367550        
  4      5.3896400              0.4015340        
  5      2.0804600              0.4066860        
  6      0.7375680              0.1731620        
D   1
  1      0.3078000              1.0000000        
D   1
  1      0.1000000              1.0000000

SELENIUM
S   6
  1   2609.7204000              0.0018290        
  2    391.5228000              0.0097060        
  3     48.2893000              0.0716060        
  4     16.8019000             -0.3839800        
  5      3.5149000              0.6919260        
  6      1.5894000              0.4918930        
S   6
  1   2609.7204000             -0.0006940        
  2    391.5228000             -0.0038660        
  3     48.2893000             -0.0248390        
  4     16.8019000              0.1402070        
  5      3.5149000             -0.3422800        
  6      1.5894000             -0.3645980        
S   1
  1      0.3830000              1.0000000        
S   1
  1      0.1399000              1.0000000        
S   1
  1      0.0433000              1.0000000        
P   6
  1    100.0192000              0.0047610        
  2     25.8909000             -0.0848990        
  3      6.2093000              0.4286550        
  4      2.6613000              0.5430600        
  5      1.0929000              0.1492830        
  6      0.3597000              0.0010710        
P   6
  1    100.0192000             -0.0010580        
  2     25.8909000              0.0217090        
  3      6.2093000             -0.1262430        
  4      2.6613000             -0.1935450        
  5      1.0929000              0.0473730        
  6      0.3597000              0.5918060        
P   1
  1      0.1137000              1.0000000        
P   1
  1      0.0345000              1.0000000        
D   6
  1    128.5080000              0.0110110        
  2     41.5212000              0.0778560        
  3     15.5182000              0.2328190        
  4      6.1608200              0.4017880        
  5      2.4113400              0.4089460        
  6      0.8719360              0.1680930        
D   1
  1      0.3656000              1.0000000        
D   1
  1      0.1260000              1.0000000

BROMINE
S   6
  1   2808.6000000              0.0016060        
  2    421.1800000              0.0083930        
  3     50.3457000              0.0695780        
  4     17.9133000             -0.3899080        
  5      3.8053100              0.6944970        
  6      1.7496800              0.4913540        
S   6
  1   2808.6000000             -0.0006350        
  2    421.1800000             -0.0034920        
  3     50.3457000             -0.0251950        
  4     17.9133000              0.1501130        
  5      3.8053100             -0.3662260        
  6      1.7496800             -0.3834220        
S   1
  1      0.4485550              1.0000000        
S   1
  1      0.1644980              1.0000000        
S   1
  1      0.0502000              1.0000000        
P   6
  1    105.7520000              0.0053410        
  2     27.6368000             -0.0830840        
  3      6.5965600              0.4477660        
  4      2.7852200              0.5506170        
  5      1.0781200              0.1235000        
  6      0.3935370             -0.0037710        
P   6
  1    105.7520000             -0.0013080        
  2     27.6368000              0.0229210        
  3      6.5965600             -0.1450290        
  4      2.7852200             -0.2090370        
  5      1.0781200              0.0937300        
  6      0.3935370              0.6050210        
P   1
  1      0.1274690              1.0000000        
P   1
  1      0.0394000              1.0000000        
D   6
  1    143.8650000              0.0102370        
  2     46.1163000              0.0760830        
  3     17.3694000              0.2298070        
  4      6.9510700              0.4033470        
  5      2.7560700              0.4097280        
  6      1.0117800              0.1627900        
D   1
  1      0.4291000              1.0000000        
D   1
  1      0.1548000              1.0000000

KRYPTON
S   6
  1   2953.7500000              0.0024390        
  2    443.1400000              0.0128680        
  3     60.2268000              0.0634630        
  4     18.2113000             -0.3849140        
  5      4.2286600              0.6677030        
  6      1.9670300              0.5244550        
S   6
  1   2953.7500000             -0.0010480        
  2    443.1400000             -0.0058030        
  3     60.2268000             -0.0245890        
  4     18.2113000              0.1562020        
  5      4.2286600             -0.3742040        
  6      1.9670300             -0.4126360        
S   1
  1      0.5141110              1.0000000        
S   1
  1      0.1898500              1.0000000        
S   1
  1      0.0571000              1.0000000        
P   6
  1    111.0130000              0.0060670        
  2     29.1923000             -0.0832390        
  3      7.0812000              0.4575930        
  4      2.9808900              0.5551010        
  5      1.1049100              0.1106640        
  6      0.4287160             -0.0078940        
P   6
  1    111.0130000             -0.0016020        
  2     29.1923000              0.0243160        
  3      7.0812000             -0.1594620        
  4      2.9808900             -0.2199440        
  5      1.1049100              0.1369710        
  6      0.4287160              0.6096080        
P   1
  1      0.1428910              1.0000000        
P   1
  1      0.0443000              1.0000000        
D   6
  1    159.6040000              0.0096730        
  2     50.7517000              0.0749540        
  3     19.2789000              0.2275310        
  4      7.7583600              0.4035260        
  5      3.1064900              0.4110820        
  6      1.1555800              0.1588670        
D   1
  1      0.5000000              1.0000000        
D   1
  1      0.1836000              1.0000000

YTTRIUM
S   7
  1     29.2935000              0.0066660        
  2     16.6827000             -0.0497340        
  3     10.4235000              0.1315590        
  4      3.0952600             -0.5243820        
  5      0.7079710              0.7863790        
  6      0.3225670              0.4639580        
  7      0.0690850              0.0204860        
S   7
  1     29.2935000             -0.0013580        
  2     16.6827000              0.0123920        
  3     10.4235000             -0.0375720        
  4      3.0952600              0.1741090        
  5      0.7079710             -0.3385090        
  6      0.3225670             -0.3354170        
  7      0.0690850              0.6581470        
S   7
  1     29.2935000              0.0112420        
  2     16.6827000             -0.0574010        
  3     10.4235000              0.1106480        
  4      3.0952600             -0.3769430        
  5      0.7079710              1.2026360        
  6      0.3225670             -0.4875820        
  7      0.0690850             -1.8636390        
S   1
  1      0.0274150              1.0000000        
S   1
  1      0.0109000              1.0000000        
P   6
  1      9.0271500              0.0203960        
  2      4.0242700             -0.1536620        
  3      0.9906740              0.4320820        
  4      0.4727970              0.4983480        
  5      0.2197340              0.1957420        
  6      0.0800880              0.0140830        
P   6
  1      9.0271500             -0.0056190        
  2      4.0242700              0.0465110        
  3      0.9906740             -0.1495270        
  4      0.4727970             -0.2243370        
  5      0.2197340             -0.0114700        
  6      0.0800880              0.6364970        
P   6
  1      9.0271500              0.0111310        
  2      4.0242700             -0.0963010        
  3      0.9906740              0.2986850        
  4      0.4727970              0.8892190        
  5      0.2197340             -1.4854780        
  6      0.0800880             -0.1131120        
P   1
  1      0.0306400              1.0000000        
P   1
  1      0.0117000              1.0000000        
D   5
  1      4.3045000             -0.0043910        
  2      1.3201900              0.1196820        
  3      0.5614050              0.2962740        
  4      0.2267020              0.3908730        
  5      0.0879490              0.3539610        
D   5
  1      4.3045000              0.0044330        
  2      1.3201900             -0.1499100        
  3      0.5614050             -0.3732930        
  4      0.2267020             -0.3129870        
  5      0.0879490              0.4218970        
D   1
  1      0.0323050              1.0000000        
D   1
  1      0.0119000              1.0000000        
F   1
  1      0.2028000              1.0000000        
F   1
  1      0.0484000              1.0000000

ZIRCONIUM
S   7
  1     53.4460000              0.0014860        
  2     17.0981000             -0.0365920        
  3     10.6875000              0.1321550        
  4      3.3913400             -0.5464540        
  5      0.7884750              0.8022910        
  6      0.3599820              0.4583040        
  7      0.0777920              0.0203880        
S   7
  1     53.4460000             -0.0003080        
  2     17.0981000              0.0096310        
  3     10.6875000             -0.0390430        
  4      3.3913400              0.1847170        
  5      0.7884750             -0.3584690        
  6      0.3599820             -0.3208280        
  7      0.0777920              0.6560480        
S   7
  1     53.4460000              0.0028110        
  2     17.0981000             -0.0412920        
  3     10.6875000              0.1148910        
  4      3.3913400             -0.4348090        
  5      0.7884750              1.4174320        
  6      0.3599820             -0.7286190        
  7      0.0777920             -1.6769590        
S   1
  1      0.0302340              1.0000000        
S   1
  1      0.0118000              1.0000000        
P   6
  1      9.9011600              0.0214360        
  2      4.4181900             -0.1604130        
  3      1.0931000              0.4543260        
  4      0.5187860              0.4991190        
  5      0.2363630              0.1777830        
  6      0.0847070              0.0104040        
P   6
  1      9.9011600             -0.0058310        
  2      4.4181900              0.0481520        
  3      1.0931000             -0.1600800        
  4      0.5187860             -0.2201350        
  5      0.2363630              0.0355150        
  6      0.0847070              0.6181780        
P   6
  1      9.9011600             -0.0078290        
  2      4.4181900              0.0660080        
  3      1.0931000             -0.2113740        
  4      0.5187860             -0.3575490        
  5      0.2363630              0.1703870        
  6      0.0847070              0.8518400        
P   1
  1      0.0311380              1.0000000        
P   1
  1      0.0114000              1.0000000        
D   5
  1      4.3948700             -0.0082920        
  2      1.5708900              0.1278490        
  3      0.6923540              0.3219090        
  4      0.2904140              0.3998190        
  5      0.1158780              0.3194760        
D   5
  1      4.3948700              0.0084760        
  2      1.5708900             -0.1579890        
  3      0.6923540             -0.3979000        
  4      0.2904140             -0.2555990        
  5      0.1158780              0.4914180        
D   1
  1      0.0429250              1.0000000        
D   1
  1      0.0159000              1.0000000        
F   1
  1      0.3272000              1.0000000        
F   1
  1      0.0891000              1.0000000

NIOBIUM
S   7
  1     80.8096000              0.0008890        
  2     17.9220000             -0.0347930        
  3     11.2050000              0.1389100        
  4      3.6990100             -0.5655680        
  5      0.8712090              0.8147210        
  6      0.3974440              0.4547970        
  7      0.0854690              0.0200510        
S   7
  1     80.8096000             -0.0002000        
  2     17.9220000              0.0093020        
  3     11.2050000             -0.0414910        
  4      3.6990100              0.1923710        
  5      0.8712090             -0.3713520        
  6      0.3974440             -0.3068350        
  7      0.0854690              0.6546160        
S   7
  1     80.8096000              0.0015640        
  2     17.9220000             -0.0382840        
  3     11.2050000              0.1209450        
  4      3.6990100             -0.4647790        
  5      0.8712090              1.5031600        
  6      0.3974440             -0.8262330        
  7      0.0854690             -1.5845850        
S   1
  1      0.0326640              1.0000000        
S   1
  1      0.0125000              1.0000000        
P   6
  1     10.6457000              0.0234360        
  2      4.8235100             -0.1683110        
  3      1.2030900              0.4693810        
  4      0.5695080              0.4980520        
  5      0.2569700              0.1675400        
  6      0.0929460              0.0087660        
P   6
  1     10.6457000             -0.0064960        
  2      4.8235100              0.0513810        
  3      1.2030900             -0.1706080        
  4      0.5695080             -0.2198720        
  5      0.2569700              0.0561670        
  6      0.0929460              0.6165950        
P   6
  1     10.6457000             -0.0091300        
  2      4.8235100              0.0732300        
  3      1.2030900             -0.2370360        
  4      0.5695080             -0.3685640        
  5      0.2569700              0.2364390        
  6      0.0929460              0.8267330        
P   1
  1      0.0338800              1.0000000        
P   1
  1      0.0123000              1.0000000        
D   5
  1      4.5456300             -0.0104650        
  2      1.8272300              0.1305530        
  3      0.8257640              0.3347580        
  4      0.3551560              0.4020270        
  5      0.1447240              0.3008350        
D   5
  1      4.5456300              0.0105280        
  2      1.8272300             -0.1615000        
  3      0.8257640             -0.4113720        
  4      0.3551560             -0.2117820        
  5      0.1447240              0.4861590        
D   1
  1      0.0543230              1.0000000        
D   1
  1      0.0204000              1.0000000        
F   1
  1      0.4690000              1.0000000        
F   1
  1      0.1387000              1.0000000

MOLYBDENUM
S   7
  1    106.9780000              0.0007350        
  2     18.8824000             -0.0350900        
  3     11.8077000              0.1473480        
  4      4.0211800             -0.5833630        
  5      0.9568160              0.8256350        
  6      0.4356920              0.4523110        
  7      0.0925180              0.0190550        
S   7
  1    106.9780000             -0.0001760        
  2     18.8824000              0.0093320        
  3     11.8077000             -0.0438110        
  4      4.0211800              0.1972320        
  5      0.9568160             -0.3773110        
  6      0.4356920             -0.2939670        
  7      0.0925180              0.6498330        
S   7
  1    106.9780000              0.0011660        
  2     18.8824000             -0.0376070        
  3     11.8077000              0.1259800        
  4      4.0211800             -0.4752370        
  5      0.9568160              1.4989830        
  6      0.4356920             -0.8223450        
  7      0.0925180             -1.5606240        
S   1
  1      0.0348540              1.0000000        
S   1
  1      0.0131000              1.0000000        
P   6
  1     11.4118000              0.0253450        
  2      5.2453500             -0.1752130        
  3      1.3188400              0.4812720        
  4      0.6229830              0.4972610        
  5      0.2791080              0.1595550        
  6      0.1005260              0.0075430        
P   6
  1     11.4118000             -0.0070220        
  2      5.2453500              0.0533390        
  3      1.3188400             -0.1756430        
  4      0.6229830             -0.2162130        
  5      0.2791080              0.0679580        
  6      0.1005260              0.6128160        
P   6
  1     11.4118000             -0.0104200        
  2      5.2453500              0.0798670        
  3      1.3188400             -0.2629000        
  4      0.6229830             -0.3651840        
  5      0.2791080              0.2866730        
  6      0.1005260              0.8002580        
P   1
  1      0.0362770              1.0000000        
P   1
  1      0.0131000              1.0000000        
D   5
  1      5.2576100             -0.0147610        
  2      2.1046200              0.1319820        
  3      0.9582010              0.3470860        
  4      0.4140470              0.4054710        
  5      0.1684500              0.2880580        
D   5
  1      5.2576100              0.0154390        
  2      2.1046200             -0.1606210        
  3      0.9582010             -0.4232290        
  4      0.4140470             -0.1923390        
  5      0.1684500              0.5314590        
D   1
  1      0.0623420              1.0000000        
D   1
  1      0.0231000              1.0000000        
F   1
  1      0.6007000              1.0000000        
F   1
  1      0.1850000              1.0000000

TECHNETIUM
S   7
  1    132.6560000              0.0006860        
  2     19.8986000             -0.0360010        
  3     12.4450000              0.1564650        
  4      4.3605000             -0.5995730        
  5      1.0443600              0.8357100        
  6      0.4741590              0.4490550        
  7      0.0987360              0.0183780        
S   7
  1    132.6560000             -0.0001680        
  2     19.8986000              0.0093110        
  3     12.4450000             -0.0455350        
  4      4.3605000              0.1986020        
  5      1.0443600             -0.3749740        
  6      0.4741590             -0.2817600        
  7      0.0987360              0.6329980        
S   7
  1    132.6560000              0.0009800        
  2     19.8986000             -0.0378410        
  3     12.4450000              0.1317670        
  4      4.3605000             -0.4834180        
  5      1.0443600              1.4848540        
  6      0.4741590             -0.8047310        
  7      0.0987360             -1.5511910        
S   1
  1      0.0367360              1.0000000        
S   1
  1      0.0137000              1.0000000        
P   6
  1     12.1789000              0.0273140        
  2      5.6848400             -0.1814030        
  3      1.4398300              0.4908910        
  4      0.6789090              0.4965410        
  5      0.3025150              0.1532990        
  6      0.1073070              0.0067000        
P   6
  1     12.1789000             -0.0074300        
  2      5.6848400              0.0541370        
  3      1.4398300             -0.1762270        
  4      0.6789090             -0.2096540        
  5      0.3025150              0.0734980        
  6      0.1073070              0.6070490        
P   6
  1     12.1789000             -0.0116300        
  2      5.6848400              0.0854050        
  3      1.4398300             -0.2844050        
  4      0.6789090             -0.3578760        
  5      0.3025150              0.3260330        
  6      0.1073070              0.7801240        
P   1
  1      0.0381770              1.0000000        
P   1
  1      0.0136000              1.0000000        
D   5
  1      5.7601300             -0.0164110        
  2      2.3642400              0.1344070        
  3      1.0887100              0.3547260        
  4      0.4740600              0.4044790        
  5      0.1936070              0.2788770        
D   5
  1      5.7601300              0.0169910        
  2      2.3642400             -0.1548960        
  3      1.0887100             -0.4281920        
  4      0.4740600             -0.1789920        
  5      0.1936070              0.5346560        
D   1
  1      0.0714600              1.0000000        
D   1
  1      0.0264000              1.0000000        
F   1
  1      0.7228000              1.0000000        
F   1
  1      0.2272000              1.0000000

RUTHENIUM
S   7
  1    159.3720000              0.0006730        
  2     20.9016000             -0.0371610        
  3     13.0741000              0.1665170        
  4      4.7147400             -0.6159540        
  5      1.1361200              0.8428300        
  6      0.5154640              0.4477630        
  7      0.1067670              0.0184450        
S   7
  1    159.3720000             -0.0001690        
  2     20.9016000              0.0093920        
  3     13.0741000             -0.0477130        
  4      4.7147400              0.2011130        
  5      1.1361200             -0.3734210        
  6      0.5154640             -0.2738590        
  7      0.1067670              0.6093840        
S   7
  1    159.3720000              0.0008950        
  2     20.9016000             -0.0396350        
  3     13.0741000              0.1442430        
  4      4.7147400             -0.5192870        
  5      1.1361200              1.5854040        
  6      0.5154640             -0.9082030        
  7      0.1067670             -1.4720020        
S   1
  1      0.0392180              1.0000000        
S   1
  1      0.0144000              1.0000000        
P   6
  1     12.8738000              0.0299680        
  2      6.1475000             -0.1879300        
  3      1.5652400              0.4999900        
  4      0.7361940              0.4957320        
  5      0.3263170              0.1475150        
  6      0.1124070              0.0060880        
P   6
  1     12.8738000             -0.0078010        
  2      6.1475000              0.0536560        
  3      1.5652400             -0.1719400        
  4      0.7361940             -0.1991700        
  5      0.3263170              0.0744110        
  6      0.1124070              0.5971370        
P   6
  1     12.8738000             -0.0135020        
  2      6.1475000              0.0937330        
  3      1.5652400             -0.3159100        
  4      0.7361940             -0.3618000        
  5      0.3263170              0.4008770        
  6      0.1124070              0.7537660        
P   1
  1      0.0391720              1.0000000        
P   1
  1      0.0137000              1.0000000        
D   5
  1      6.2126500             -0.0245970        
  2      2.7853900              0.1273340        
  3      1.2685100              0.3570810        
  4      0.5517900              0.4082070        
  5      0.2247310              0.2812400        
D   5
  1      6.2126500              0.0261160        
  2      2.7853900             -0.1459400        
  3      1.2685100             -0.4425210        
  4      0.5517900             -0.1690200        
  5      0.2247310              0.5052370        
D   1
  1      0.0824110              1.0000000        
D   1
  1      0.0302000              1.0000000        
F   1
  1      0.8500000              1.0000000        
F   1
  1      0.2719000              1.0000000

RHODIUM
S   7
  1    184.6660000              0.0006920        
  2     21.9974000             -0.0383930        
  3     13.7616000              0.1760190        
  4      5.0872000             -0.6299250        
  5      1.2294000              0.8495440        
  6      0.5568140              0.4457290        
  7      0.1140670              0.0182040        
S   7
  1    184.6660000             -0.0001780        
  2     21.9974000              0.0094560        
  3     13.7616000             -0.0494720        
  4      5.0872000              0.2018670        
  5      1.2294000             -0.3698090        
  6      0.5568140             -0.2653310        
  7      0.1140670              0.5891540        
S   7
  1    184.6660000              0.0008370        
  2     21.9974000             -0.0402860        
  3     13.7616000              0.1506490        
  4      5.0872000             -0.5268510        
  5      1.2294000              1.5723820        
  6      0.5568140             -0.8876430        
  7      0.1140670             -1.4709450        
S   1
  1      0.0414150              1.0000000        
S   1
  1      0.0150000              1.0000000        
P   6
  1     13.6985000              0.0318210        
  2      6.6247600             -0.1930280        
  3      1.6961300              0.5062420        
  4      0.7973510              0.4949020        
  5      0.3520340              0.1440300        
  6      0.1233420              0.0056080        
P   6
  1     13.6985000             -0.0085830        
  2      6.6247600              0.0568110        
  3      1.6961300             -0.1801720        
  4      0.7973510             -0.2034110        
  5      0.3520340              0.0848180        
  6      0.1233420              0.6010570        
P   6
  1     13.6985000             -0.0151640        
  2      6.6247600              0.1011250        
  3      1.6961300             -0.3456410        
  4      0.7973510             -0.3454850        
  5      0.3520340              0.4221020        
  6      0.1233420              0.7304790        
P   1
  1      0.0431300              1.0000000        
P   1
  1      0.0151000              1.0000000        
D   5
  1     18.7370000              0.0064810        
  2     11.7046000             -0.0139420        
  3      2.2555800              0.2506820        
  4      0.9494110              0.4511110        
  5      0.3661640              0.3839990        
D   5
  1     18.7370000             -0.0075900        
  2     11.7046000              0.0162940        
  3      2.2555800             -0.3347730        
  4      0.9494110             -0.4463960        
  5      0.3661640              0.3299670        
D   1
  1      0.1239770              1.0000000        
D   1
  1      0.0420000              1.0000000        
F   1
  1      0.9936000              1.0000000        
F   1
  1      0.3222000              1.0000000

PALLADIUM
S   7
  1    208.1230000              0.0007270        
  2     22.8525000             -0.0409280        
  3     14.2986000              0.1922850        
  4      5.4880100             -0.6501040        
  5      1.3253200              0.8565530        
  6      0.5989570              0.4438760        
  7      0.1209830              0.0178500        
S   7
  1    208.1230000             -0.0001890        
  2     22.8525000              0.0098180        
  3     14.2986000             -0.0528760        
  4      5.4880100              0.2035110        
  5      1.3253200             -0.3639350        
  6      0.5989570             -0.2582190        
  7      0.1209830              0.5704320        
S   7
  1    208.1230000              0.0008000        
  2     22.8525000             -0.0417810        
  3     14.2986000              0.1593620        
  4      5.4880100             -0.5231230        
  5      1.3253200              1.4917730        
  6      0.5989570             -0.7916960        
  7      0.1209830             -1.5172540        
S   1
  1      0.0434590              1.0000000        
S   1
  1      0.0156000              1.0000000        
P   6
  1     14.0509000              0.0379970        
  2      7.1390600             -0.2040770        
  3      1.8300700              0.5137680        
  4      0.8583350              0.4942400        
  5      0.3772750              0.1402910        
  6      0.1256960              0.0051570        
P   6
  1     14.0509000             -0.0093130        
  2      7.1390600              0.0546710        
  3      1.8300700             -0.1661610        
  4      0.8583350             -0.1858420        
  5      0.3772750              0.0731610        
  6      0.1256960              0.5861720        
P   6
  1     14.0509000             -0.0186030        
  2      7.1390600              0.1098650        
  3      1.8300700             -0.3664000        
  4      0.8583350             -0.3473160        
  5      0.3772750              0.4820340        
  6      0.1256960              0.7096400        
P   1
  1      0.0426590              1.0000000        
P   1
  1      0.0145000              1.0000000        
D   5
  1     19.2539000              0.0066240        
  2     10.5848000             -0.0184110        
  3      2.4561900              0.2633960        
  4      1.0352900              0.4524480        
  5      0.4020080              0.3758330        
D   5
  1     19.2539000             -0.0078390        
  2     10.5848000              0.0218380        
  3      2.4561900             -0.3691550        
  4      1.0352900             -0.4309590        
  5      0.4020080              0.3749650        
D   1
  1      0.1370570              1.0000000        
D   1
  1      0.0467000              1.0000000        
F   1
  1      1.1484000              1.0000000        
F   1
  1      0.3788000              1.0000000

SILVER
S   7
  1    180.0750000              0.0008490        
  2     21.8987000             -0.0654500        
  3     13.8670000              0.2977650        
  4      6.1426300             -0.7531210        
  5      1.4381400              0.8811750        
  6      0.6483820              0.4351760        
  7      0.1288820              0.0147380        
S   7
  1    180.0750000             -0.0002030        
  2     21.8987000              0.0157230        
  3     13.8670000             -0.0792290        
  4      6.1426300              0.2226340        
  5      1.4381400             -0.3491960        
  6      0.6483820             -0.2559780        
  7      0.1288820              0.5486660        
S   7
  1    180.0750000             -0.0008620        
  2     21.8987000              0.0525460        
  3     13.8670000             -0.2081000        
  4      6.1426300              0.5249720        
  5      1.4381400             -1.2701730        
  6      0.6483820              0.5393730        
  7      0.1288820              1.6533910        
S   1
  1      0.0457380              1.0000000        
S   1
  1      0.0162000              1.0000000        
P   6
  1     11.8751000              0.1162480        
  2      8.0024500             -0.3072860        
  3      2.0176600              0.5157360        
  4      0.9542300              0.5031040        
  5      0.4231180              0.1420950        
  6      0.1358850              0.0051530        
P   6
  1     11.8751000             -0.0282840        
  2      8.0024500              0.0783470        
  3      2.0176600             -0.1567410        
  4      0.9542300             -0.1886250        
  5      0.4231180              0.0635650        
  6      0.1358850              0.5817780        
P   6
  1     11.8751000             -0.0528570        
  2      8.0024500              0.1470390        
  3      2.0176600             -0.3129730        
  4      0.9542300             -0.3708280        
  5      0.4231180              0.4236290        
  6      0.1358850              0.7536550        
P   1
  1      0.0454010              1.0000000        
P   1
  1      0.0152000              1.0000000        
D   5
  1     26.4320000              0.0034790        
  2     11.0345000             -0.0138480        
  3      2.7378700              0.2545990        
  4      1.1957500              0.4498490        
  5      0.4820420              0.3757380        
D   5
  1     26.4320000             -0.0047330        
  2     11.0345000              0.0190700        
  3      2.7378700             -0.4332980        
  4      1.1957500             -0.4445680        
  5      0.4820420              0.4914420        
D   1
  1      0.1729080              1.0000000        
D   1
  1      0.0620000              1.0000000        
F   1
  1      1.3299000              1.0000000        
F   1
  1      0.4449000              1.0000000

CADMIUM
S   7
  1    223.8530000              0.0008710        
  2     23.0948000             -0.0643070        
  3     14.6522000              0.3013160        
  4      6.5704440             -0.7605240        
  5      1.5378300              0.8940710        
  6      0.6909840              0.4278790        
  7      0.1349130              0.0101880        
S   7
  1    223.8530000             -0.0002290        
  2     23.0948000              0.0155940        
  3     14.6522000             -0.0810470        
  4      6.5704440              0.2272510        
  5      1.5378300             -0.3625630        
  6      0.6909840             -0.2507830        
  7      0.1349130              0.6135330        
S   7
  1    223.8530000              0.0010770        
  2     23.0948000             -0.0716490        
  3     14.6522000              0.2889750        
  4      6.5704440             -0.7315460        
  5      1.5378300              1.9768990        
  6      0.6909840             -1.3519510        
  7      0.1349130             -1.1186740        
S   1
  1      0.0474420              1.0000000        
S   1
  1      0.0167000              1.0000000        
P   6
  1     13.7175000              0.0776160        
  2      8.4632200             -0.2579430        
  3      2.1182000              0.5352740        
  4      0.9892620              0.4963620        
  5      0.4317810              0.1231090        
  6      0.1391600              0.0032100        
P   6
  1     13.7175000             -0.0180110        
  2      8.4632200              0.0637170        
  3      2.1182000             -0.1587410        
  4      0.9892620             -0.1762800        
  5      0.4317810              0.0710060        
  6      0.1391600              0.5775860        
P   6
  1     13.7175000             -0.0307300        
  2      8.4632200              0.1087440        
  3      2.1182000             -0.2782310        
  4      0.9892620             -0.3293900        
  5      0.4317810              0.3546300        
  6      0.1391600              0.7814580        
P   1
  1      0.0461490              1.0000000        
P   1
  1      0.0153000              1.0000000        
D   5
  1     31.6697000              0.0031630        
  2     12.2214000             -0.0117910        
  3      3.1219900              0.2411940        
  4      1.3894100              0.4489980        
  5      0.5732030              0.3802110        
D   5
  1     31.6697000             -0.0048710        
  2     12.2214000              0.0185820        
  3      3.1219900             -0.4766730        
  4      1.3894100             -0.4576040        
  5      0.5732030              0.5714620        
D   1
  1      0.2117080              1.0000000        
D   1
  1      0.0782000              1.0000000        
F   1
  1      1.5393000              1.0000000        
F   1
  1      0.5177000              1.0000000

INDIUM
S   6
  1    265.1310000              0.0007700        
  2     25.5694000             -0.0527910        
  3     16.0041000              0.2593430        
  4      6.8188500             -0.7392890        
  5      1.6667600              0.8857730        
  6      0.7692320              0.4425920        
S   6
  1    265.1310000             -0.0002300        
  2     25.5694000              0.0140880        
  3     16.0041000             -0.0786150        
  4      6.8188500              0.2528640        
  5      1.6667600             -0.4155450        
  6      0.7692320             -0.2966470        
S   1
  1      0.1704150              1.0000000        
S   1
  1      0.0622300              1.0000000        
S   1
  1      0.0203000              1.0000000        
P   5
  1     14.4691000              0.0901770        
  2      9.2808300             -0.2676420        
  3      2.0820100              0.6644830        
  4      0.8443140              0.4616900        
  5      0.1869000              0.0270590        
P   5
  1     14.4691000             -0.0190230        
  2      9.2808300              0.0591570        
  3      2.0820100             -0.1807490        
  4      0.8443140             -0.1145820        
  5      0.1869000              0.4407390        
P   1
  1      0.0547770              1.0000000        
P   1
  1      0.0141000              1.0000000        
D   5
  1     30.7879000              0.0057660        
  2     19.2555000             -0.0107080        
  3      3.1966200              0.2938600        
  4      1.3321000              0.5108690        
  5      0.5046190              0.3415190        
D   1
  1      0.1498000              1.0000000        
D   1
  1      0.0472000              1.0000000

TIN
S   6
  1    380.3660000              0.0011650        
  2     28.5822000             -0.0260060        
  3     17.8892000              0.1660430        
  4      6.9286200             -0.6589140        
  5      1.7839100              0.8693360        
  6      0.8431380              0.4521320        
S   6
  1    380.3660000             -0.0004420        
  2     28.5822000              0.0057020        
  3     17.8892000             -0.0528940        
  4      6.9286200              0.2520870        
  5      1.7839100             -0.4703430        
  6      0.8431380             -0.3161440        
S   1
  1      0.2052280              1.0000000        
S   1
  1      0.0766360              1.0000000        
S   1
  1      0.0275000              1.0000000        
P   5
  1     18.5489000              0.0370210        
  2      9.5669600             -0.1938660        
  3      2.2186100              0.6575940        
  4      0.9214590              0.4555060        
  5      0.2178580              0.0272160        
P   5
  1     18.5489000             -0.0090520        
  2      9.5669600              0.0517620        
  3      2.2186100             -0.2217430        
  4      0.9214590             -0.1242790        
  5      0.2178580              0.5218530        
P   1
  1      0.0693200              1.0000000        
P   1
  1      0.0209000              1.0000000        
D   5
  1     38.5626000              0.0042610        
  2     21.7613000             -0.0068970        
  3      3.6611100              0.2762770        
  4      1.5583300              0.5143230        
  5      0.6095230              0.3445590        
D   1
  1      0.1897000              1.0000000        
D   1
  1      0.0649000              1.0000000

ANTIMONY
S   6
  1    371.5840000              0.0015910        
  2     26.5392000             -0.0416840        
  3     16.6213000              0.2733430        
  4      7.7355100             -0.7676850        
  5      1.8923400              0.8994960        
  6      0.9104310              0.4313870        
S   6
  1    371.5840000              0.0006540        
  2     26.5392000             -0.0109620        
  3     16.6213000              0.0938330        
  4      7.7355100             -0.3040090        
  5      1.8923400              0.5084090        
  6      0.9104310              0.3392390        
S   1
  1      0.2442310              1.0000000        
S   1
  1      0.0923970              1.0000000        
S   1
  1      0.0327000              1.0000000        
P   5
  1     16.0509000              0.0921570        
  2     10.2621000             -0.2755590        
  3      2.4283200              0.6586400        
  4      1.0336000              0.4668920        
  5      0.2594400              0.0285110        
P   5
  1     16.0509000             -0.0253130        
  2     10.2621000              0.0797960        
  3      2.4283200             -0.2420940        
  4      1.0336000             -0.1486050        
  5      0.2594400              0.5489440        
P   1
  1      0.0861080              1.0000000        
P   1
  1      0.0271000              1.0000000        
D   5
  1     45.4785000              0.0032590        
  2     18.5114000             -0.0054970        
  3      3.9160000              0.2799530        
  4      1.7148200              0.5127510        
  5      0.6973190              0.3328720        
D   1
  1      0.2304000              1.0000000        
D   1
  1      0.0802000              1.0000000

TELLURIUM
S   6
  1   2111.1900000              0.0006120        
  2    311.6910000              0.0032070        
  3     13.8226000              0.4055120        
  4      8.7174800             -0.9325880        
  5      1.9830300              0.9196570        
  6      0.9703770              0.4046710        
S   6
  1   2111.1900000              0.0002510        
  2    311.6910000              0.0014570        
  3     13.8226000              0.1637020        
  4      8.7174800             -0.3984550        
  5      1.9830300              0.5780740        
  6      0.9703770              0.3271240        
S   1
  1      0.2797650              1.0000000        
S   1
  1      0.1067760              1.0000000        
S   1
  1      0.0369000              1.0000000        
P   5
  1     17.0629000              0.0893400        
  2     10.8306000             -0.2711680        
  3      2.5938000              0.6620230        
  4      1.1267600              0.4607440        
  5      0.3001760              0.0288090        
P   5
  1     17.0629000             -0.0268610        
  2     10.8306000              0.0863040        
  3      2.5938000             -0.2735020        
  4      1.1267600             -0.1513900        
  5      0.3001760              0.5839760        
P   1
  1      0.0975510              1.0000000        
P   1
  1      0.0299000              1.0000000        
D   5
  1     50.9106000              0.0033540        
  2     18.4647000             -0.0036420        
  3      4.2761700              0.2780800        
  4      1.8977000              0.5163480        
  5      0.7864800              0.3265710        
D   1
  1      0.2638000              1.0000000        
D   1
  1      0.0988000              1.0000000

IODINE
S   6
  1      2.449790E+03           4.190000E-04     
  2      3.598080E+02           2.240000E-03     
  3      1.440580E+01           3.972230E-01     
  4      9.076320E+00          -9.322490E-01     
  5      2.088100E+00           9.371380E-01     
  6      1.034980E+00           3.920860E-01     
S   6
  1      2.449790E+03           1.750000E-04     
  2      3.598080E+02           1.057000E-03     
  3      1.440580E+01           1.690000E-01     
  4      9.076320E+00          -4.217930E-01     
  5      2.088100E+00           6.388640E-01     
  6      1.034980E+00           3.201150E-01     
S   1
  1      3.162840E-01           1.0000000        
S   1
  1      1.217190E-01           1.0000000        
S   1
  1      4.200000E-02           1.0000000        
P   5
  1      1.953010E+01           5.893400E-02     
  2      1.108820E+01          -2.309300E-01     
  3      2.715630E+00           6.648010E-01     
  4      1.204300E+00           4.506730E-01     
  5      3.399450E-01           2.898000E-02     
P   5
  1      1.953010E+01          -1.883600E-02     
  2      1.108820E+01           8.000600E-02     
  3      2.715630E+00          -3.066520E-01     
  4      1.204300E+00          -1.475940E-01     
  5      3.399450E-01           6.075060E-01     
P   1
  1      1.108810E-01           1.0000000        
P   1
  1      3.380000E-02           1.0000000        
D   5
  1      4.547650E+01           4.266000E-03     
  2      1.319280E+01          -1.362500E-02     
  3      4.227410E+00           3.097560E-01     
  4      1.942800E+00           5.097720E-01     
  5      8.397710E-01           2.974610E-01     
D   1
  1      3.000000E-01           1.0000000        
D   1
  1      1.191000E-01           1.0000000

XENON
S   6
  1   2058.3200000              0.0009380        
  2    307.4270000              0.0044200        
  3     15.7815000              0.3543950        
  4      9.5447000             -0.8885140        
  5      2.2296900              0.9496240        
  6      1.1120000              0.3810660        
S   6
  1   2058.3200000             -0.0004380        
  2    307.4270000             -0.0022770        
  3     15.7815000             -0.1557960        
  4      9.5447000              0.4175780        
  5      2.2296900             -0.6793250        
  6      1.1120000             -0.3183090        
S   1
  1      0.3554300              1.0000000        
S   1
  1      0.1377260              1.0000000        
S   1
  1      0.0473000              1.0000000        
P   5
  1     20.1725000              0.0687400        
  2     11.8122000             -0.2446140        
  3      2.9346000              0.6676480        
  4      1.3189000              0.4501800        
  5      0.3858160              0.0286890        
P   5
  1     20.1725000             -0.0229670        
  2     11.8122000              0.0881150        
  3      2.9346000             -0.3233110        
  4      1.3189000             -0.1542280        
  5      0.3858160              0.6228820        
P   1
  1      0.1269610              1.0000000        
P   1
  1      0.0379000              1.0000000        
D   5
  1     52.6666000              0.0048070        
  2     14.3464000             -0.0045170        
  3      4.8159700              0.3015100        
  4      2.2149600              0.5120370        
  5      0.9611280              0.2990900        
D   1
  1      0.3412000              1.0000000        
D   1
  1      0.1404000              1.0000000

HAFNIUM
S   7
  1     29.2650000              0.0294330        
  2     18.3491000             -0.1987340        
  3     11.5257000              0.4359330        
  4      4.3859900             -0.7730970        
  5      0.8910800              0.8677580        
  6      0.4057400              0.4202920        
  7      0.0950670              0.0131930        
S   7
  1     29.2650000             -0.0090770        
  2     18.3491000              0.0611920        
  3     11.5257000             -0.1354740        
  4      4.3859900              0.2530470        
  5      0.8910800             -0.3699320        
  6      0.4057400             -0.3314430        
  7      0.0950670              0.6577990        
S   7
  1     29.2650000              0.0309420        
  2     18.3491000             -0.1631770        
  3     11.5257000              0.3100050        
  4      4.3859900             -0.5289420        
  5      0.8910800              1.2562440        
  6      0.4057400             -0.4970260        
  7      0.0950670             -1.8102840        
S   1
  1      0.0358680              1.0000000        
S   1
  1      0.0135000              1.0000000        
P   6
  1      7.1199600              0.1786130        
  2      4.6018200             -0.5085500        
  3      2.9004600              0.1812060        
  4      0.9377910              0.6364370        
  5      0.3915000              0.4348840        
  6      0.1071520              0.0442170        
P   6
  1      7.1199600             -0.0485910        
  2      4.6018200              0.1398590        
  3      2.9004600             -0.0462230        
  4      0.9377910             -0.2282940        
  5      0.3915000             -0.1575630        
  6      0.1071520              0.5288190        
P   6
  1      7.1199600             -0.0658780        
  2      4.6018200              0.1871460        
  3      2.9004600             -0.0488380        
  4      0.9377910             -0.3615180        
  5      0.3915000             -0.1743340        
  6      0.1071520              0.9190410        
P   1
  1      0.0367710              1.0000000        
P   1
  1      0.0126000              1.0000000        
D   5
  1      7.4982700              0.0144910        
  2      4.6961800             -0.0529680        
  3      1.0636000              0.2380440        
  4      0.4188210              0.4352750        
  5      0.1545660              0.4244200        
D   5
  1      7.4982700             -0.0165460        
  2      4.6961800              0.0618730        
  3      1.0636000             -0.3167410        
  4      0.4188210             -0.5274120        
  5      0.1545660              0.3428660        
D   1
  1      0.0526440              1.0000000        
D   1
  1      0.0179000              1.0000000        
F   1
  1      0.2700000              1.0000000        
F   1
  1      0.0824000              1.0000000

TANTALUM
S   7
  1     29.8670000              0.0287250        
  2     18.7203000             -0.1985810        
  3     11.7533000              0.4482880        
  4      4.5708900             -0.7983960        
  5      0.9478400              0.8861040        
  6      0.4340380              0.4136940        
  7      0.1050310              0.0121460        
S   7
  1     29.8670000             -0.0091320        
  2     18.7203000              0.0630170        
  3     11.7533000             -0.1437480        
  4      4.5708900              0.2705360        
  5      0.9478400             -0.4015970        
  6      0.4340380             -0.3195670        
  7      0.1050310              0.6651050        
S   7
  1     29.8670000              0.0324720        
  2     18.7203000             -0.1723550        
  3     11.7533000              0.3341840        
  4      4.5708900             -0.5725580        
  5      0.9478400              1.3652610        
  6      0.4340380             -0.6032250        
  7      0.1050310             -1.7315730        
S   1
  1      0.0389480              1.0000000        
S   1
  1      0.0144000              1.0000000        
P   6
  1      7.3652400              0.1796820        
  2      4.7544000             -0.5211000        
  3      2.9959500              0.1911040        
  4      0.9941230              0.6464550        
  5      0.4196000              0.4240400        
  6      0.1182390              0.0425600        
P   6
  1      7.3652400             -0.0508780        
  2      4.7544000              0.1495500        
  3      2.9959500             -0.0507540        
  4      0.9941230             -0.2483790        
  5      0.4196000             -0.1478010        
  6      0.1182390              0.5415390        
P   6
  1      7.3652400             -0.0697670        
  2      4.7544000              0.2016550        
  3      2.9959500             -0.0482900        
  4      0.9941230             -0.4247200        
  5      0.4196000             -0.1275720        
  6      0.1182390              0.9415430        
P   1
  1      0.0401010              1.0000000        
P   1
  1      0.0136000              1.0000000        
D   5
  1      7.5616000              0.0178690        
  2      4.7408700             -0.0661360        
  3      1.1697500              0.2554580        
  4      0.4793100              0.4454920        
  5      0.1837040              0.4029670        
D   5
  1      7.5616000             -0.0205840        
  2      4.7408700              0.0780240        
  3      1.1697500             -0.3544000        
  4      0.4793100             -0.5155940        
  5      0.1837040              0.4207610        
D   1
  1      0.0644090              1.0000000        
D   1
  1      0.0226000              1.0000000        
F   1
  1      0.3735000              1.0000000        
F   1
  1      0.1286000              1.0000000

TUNGSTEN
S   7
  1     31.1844000              0.0268990        
  2     19.5385000             -0.1892380        
  3     12.2602000              0.4339650        
  4      4.7203700             -0.8043720        
  5      1.0095700              0.9015400        
  6      0.4634560              0.4101950        
  7      0.1137920              0.0110440        
S   7
  1     31.1844000             -0.0086330        
  2     19.5385000              0.0609770        
  3     12.2602000             -0.1418640        
  4      4.7203700              0.2797320        
  5      1.0095700             -0.4285050        
  6      0.4634560             -0.3050150        
  7      0.1137920              0.6713040        
S   7
  1     31.1844000              0.0314780        
  2     19.5385000             -0.1676990        
  3     12.2602000              0.3282920        
  4      4.7203700             -0.5865250        
  5      1.0095700              1.4154490        
  6      0.4634560             -0.6488270        
  7      0.1137920             -1.6892530        
S   1
  1      0.0416420              1.0000000        
S   1
  1      0.0152000              1.0000000        
P   6
  1      7.7873800              0.1852090        
  2      5.0493000             -0.5283120        
  3      3.1860200              0.1871580        
  4      1.0593700              0.6560130        
  5      0.4491060              0.4179250        
  6      0.1276250              0.0409650        
P   6
  1      7.7873800             -0.0535080        
  2      5.0493000              0.1546790        
  3      3.1860200             -0.0504270        
  4      1.0593700             -0.2604500        
  5      0.4491060             -0.1384050        
  6      0.1276250              0.5459010        
P   6
  1      7.7873800             -0.0749390        
  2      5.0493000              0.2120220        
  3      3.1860200             -0.0424460        
  4      1.0593700             -0.4793750        
  5      0.4491060             -0.0766750        
  6      0.1276250              0.9477960        
P   1
  1      0.0427440              1.0000000        
P   1
  1      0.0143000              1.0000000        
D   5
  1      8.3098300              0.0219490        
  2      5.2246300             -0.0773760        
  3      1.2952900              0.2632410        
  4      0.5397610              0.4595460        
  5      0.2089270              0.3922120        
D   5
  1      8.3098300             -0.0263810        
  2      5.2246300              0.0952520        
  3      1.2952900             -0.3960520        
  4      0.5397610             -0.5079960        
  5      0.2089270              0.5236000        
D   1
  1      0.0731130              1.0000000        
D   1
  1      0.0256000              1.0000000        
F   1
  1      0.4769000              1.0000000        
F   1
  1      0.1768000              1.0000000

RHENIUM
S   7
  1     33.0133000              0.0221330        
  2     20.6658000             -0.1618310        
  3     12.9498000              0.3812300        
  4      4.7782300             -0.7875220        
  5      1.0858000              0.8980810        
  6      0.5000250              0.4224690        
  7      0.1210690              0.0172060        
S   7
  1     33.0133000             -0.0070680        
  2     20.6658000              0.0530520        
  3     12.9498000             -0.1282310        
  4      4.7782300              0.2853960        
  5      1.0858000             -0.4487810        
  6      0.5000250             -0.2976680        
  7      0.1210690              0.6634730        
S   7
  1     33.0133000              0.0274240        
  2     20.6658000             -0.1468310        
  3     12.9498000              0.2908580        
  4      4.7782300             -0.5801000        
  5      1.0858000              1.4204980        
  6      0.5000250             -0.6321790        
  7      0.1210690             -1.6875030        
S   1
  1      0.0438810              1.0000000        
S   1
  1      0.0159000              1.0000000        
P   6
  1      8.6759800              0.1394900        
  2      5.6538200             -0.3569770        
  3      1.4063900              0.4818040        
  4      0.6920560              0.5117960        
  5      0.3163520              0.1708180        
  6      0.1093090              0.0097820        
P   6
  1      8.6759800             -0.0412390        
  2      5.6538200              0.1083450        
  3      1.4063900             -0.1688840        
  4      0.6920560             -0.2386860        
  5      0.3163520              0.0632430        
  6      0.1093090              0.6102210        
P   6
  1      8.6759800             -0.0651350        
  2      5.6538200              0.1725300        
  3      1.4063900             -0.2649320        
  4      0.6920560             -0.4743410        
  5      0.3163520              0.3991830        
  6      0.1093090              0.8030920        
P   1
  1      0.0385810              1.0000000        
P   1
  1      0.0136000              1.0000000        
D   5
  1      8.6719700              0.0171910        
  2      5.4414200             -0.0665390        
  3      1.3750800              0.2711570        
  4      0.5838300              0.4487710        
  5      0.2293620              0.3778590        
D   5
  1      8.6719700             -0.0203340        
  2      5.4414200              0.0775390        
  3      1.3750800             -0.3686920        
  4      0.5838300             -0.4745880        
  5      0.2293620              0.4599950        
D   1
  1      0.0808850              1.0000000        
D   1
  1      0.0285000              1.0000000        
F   1
  1      0.5533000              1.0000000        
F   1
  1      0.2126000              1.0000000

OSMIUM
S   7
  1     34.5933000              0.0194050        
  2     21.6442000             -0.1468750        
  3     13.5521000              0.3551890        
  4      4.8950800             -0.7883690        
  5      1.1634600              0.9033000        
  6      0.5380840              0.4302560        
  7      0.1306730              0.0181640        
S   7
  1     34.5933000             -0.0059240        
  2     21.6442000              0.0475810        
  3     13.5521000             -0.1198590        
  4      4.8950800              0.2905900        
  5      1.1634600             -0.4633260        
  6      0.5380840             -0.2910580        
  7      0.1306730              0.6489970        
S   7
  1     34.5933000              0.0286790        
  2     21.6442000             -0.1533520        
  3     13.5521000              0.3066570        
  4      4.8950800             -0.6590400        
  5      1.1634600              1.6880660        
  6      0.5380840             -0.9098660        
  7      0.1306730             -1.5178370        
S   1
  1      0.0469820              1.0000000        
S   1
  1      0.0169000              1.0000000        
P   6
  1      9.1259400              0.1316100        
  2      5.8907300             -0.3487910        
  3      1.4397800              0.5276330        
  4      0.6929760              0.5000040        
  5      0.3084380              0.1387070        
  6      0.1086800              0.0055910        
P   6
  1      9.1259400             -0.0379630        
  2      5.8907300              0.1036120        
  3      1.4397800             -0.1857190        
  4      0.6929760             -0.2213770        
  5      0.3084380              0.0960590        
  6      0.1086800              0.6029380        
P   6
  1      9.1259400             -0.0676070        
  2      5.8907300              0.1858450        
  3      1.4397800             -0.3480470        
  4      0.6929760             -0.4511480        
  5      0.3084380              0.5586130        
  6      0.1086800              0.7068530        
P   1
  1      0.0381830              1.0000000        
P   1
  1      0.0134000              1.0000000        
D   5
  1      9.3395000              0.0158420        
  2      5.8557100             -0.0635100        
  3      1.4647600              0.2828700        
  4      0.6312200              0.4507810        
  5      0.2506620              0.3664550        
D   5
  1      9.3395000             -0.0209240        
  2      5.8557100              0.0807150        
  3      1.4647600             -0.4242800        
  4      0.6312200             -0.4620180        
  5      0.2506620              0.5555660        
D   1
  1      0.0891640              1.0000000        
D   1
  1      0.0317000              1.0000000        
F   1
  1      0.6278000              1.0000000        
F   1
  1      0.2478000              1.0000000

IRIDIUM
S   7
  1     36.0577000              0.0172890        
  2     22.5516000             -0.1359910        
  3     14.1116000              0.3386690        
  4      5.0447500             -0.7941690        
  5      1.2441700              0.9080010        
  6      0.5769240              0.4378070        
  7      0.1394660              0.0187690        
S   7
  1     36.0577000             -0.0049480        
  2     22.5516000              0.0431240        
  3     14.1116000             -0.1138030        
  4      5.0447500              0.2953180        
  5      1.2441700             -0.4732180        
  6      0.5769240             -0.2840000        
  7      0.1394660              0.6351880        
S   7
  1     36.0577000              0.0290550        
  2     22.5516000             -0.1546790        
  3     14.1116000              0.3116730        
  4      5.0447500             -0.7039290        
  5      1.2441700              1.8161160        
  6      0.5769240             -1.0291110        
  7      0.1394660             -1.4393180        
S   1
  1      0.0497400              1.0000000        
S   1
  1      0.0177000              1.0000000        
P   6
  1      9.5858000              0.1256510        
  2      6.1408800             -0.3433060        
  3      1.4976000              0.5536780        
  4      0.7141440              0.4910420        
  5      0.3120660              0.1228370        
  6      0.1151600              0.0033780        
P   6
  1      9.5858000             -0.0379390        
  2      6.1408800              0.1069870        
  3      1.4976000             -0.2083670        
  4      0.7141440             -0.2217720        
  5      0.3120660              0.1266520        
  6      0.1151600              0.6103680        
P   6
  1      9.5858000             -0.0740030        
  2      6.1408800              0.2101790        
  3      1.4976000             -0.4612670        
  4      0.7141440             -0.3768670        
  5      0.3120660              0.6521120        
  6      0.1151600              0.6073860        
P   1
  1      0.0412770              1.0000000        
P   1
  1      0.0148000              1.0000000        
D   5
  1      9.9606900              0.0154630        
  2      6.2430300             -0.0631200        
  3      1.5631700              0.2923090        
  4      0.6819400              0.4527480        
  5      0.2734460              0.3571590        
D   5
  1      9.9606900             -0.0198010        
  2      6.2430300              0.0777020        
  3      1.5631700             -0.4252400        
  4      0.6819400             -0.4331870        
  5      0.2734460              0.4752470        
D   1
  1      0.0980080              1.0000000        
D   1
  1      0.0351000              1.0000000        
F   1
  1      0.7127000              1.0000000        
F   1
  1      0.2898000              1.0000000

PLATINUM
S   7
  1     37.3750000              0.0156980        
  2     23.3685000             -0.1285150        
  3     14.6164000              0.3299960        
  4      5.2209620             -0.8039770        
  5      1.3267320              0.9127650        
  6      0.6163210              0.4444260        
  7      0.1480680              0.0192250        
S   7
  1     37.3750000             -0.0041400        
  2     23.3685000              0.0396870        
  3     14.6164000             -0.1100630        
  4      5.2209620              0.3003960        
  5      1.3267320             -0.4809750        
  6      0.6163210             -0.2769970        
  7      0.1480680              0.6216130        
S   7
  1     37.3750000              0.0303040        
  2     23.3685000             -0.1595530        
  3     14.6164000              0.3222870        
  4      5.2209620             -0.7469090        
  5      1.3267320              1.9183060        
  6      0.6163210             -1.1164460        
  7      0.1480680             -1.3836520        
S   1
  1      0.0523910              1.0000000        
S   1
  1      0.0185000              1.0000000        
P   6
  1      9.9926800              0.1240460        
  2      6.3831700             -0.3446320        
  3      1.5696500              0.5711200        
  4      0.7427790              0.4873560        
  5      0.3180200              0.1119590        
  6      0.1141460              0.0019280        
P   6
  1      9.9926800             -0.0346870        
  2      6.3831700              0.0999320        
  3      1.5696500             -0.2018840        
  4      0.7427790             -0.1984590        
  5      0.3180200              0.1230340        
  6      0.1141460              0.5955770        
P   6
  1      9.9926800             -0.0771530        
  2      6.3831700              0.2234940        
  3      1.5696500             -0.5228040        
  4      0.7427790             -0.3298980        
  5      0.3180200              0.7297730        
  6      0.1141460              0.5372880        
P   1
  1      0.0398630              1.0000000        
P   1
  1      0.0139000              1.0000000        
D   5
  1     10.4126000              0.0150800        
  2      6.5226600             -0.0622950        
  3      1.6643000              0.3006490        
  4      0.7342080              0.4539610        
  5      0.2974070              0.3490010        
D   5
  1     10.4126000             -0.0198660        
  2      6.5226600              0.0796630        
  3      1.6643000             -0.4687940        
  4      0.7342080             -0.4051740        
  5      0.2974070              0.5192890        
D   1
  1      0.1075990              1.0000000        
D   1
  1      0.0389000              1.0000000        
F   1
  1      0.8018000              1.0000000        
F   1
  1      0.3357000              1.0000000

GOLD
S   7
  1     38.0008000              0.0200090        
  2     23.9725000             -0.1516790        
  3     15.2182000              0.3639600        
  4      5.5399900             -0.8213260        
  5      1.3855100              0.9366410        
  6      0.6424610              0.4235270        
  7      0.1564960              0.0162500        
S   7
  1     38.0008000             -0.0053040        
  2     23.9725000              0.0463180        
  3     15.2182000             -0.1199400        
  4      5.5399900              0.3040620        
  5      1.3855100             -0.4945010        
  6      0.6424610             -0.2555160        
  7      0.1564960              0.6091630        
S   7
  1     38.0008000              0.0323400        
  2     23.9725000             -0.1717620        
  3     15.2182000              0.3395030        
  4      5.5399900             -0.7461790        
  5      1.3855100              1.9174980        
  6      0.6424610             -1.1299310        
  7      0.1564960             -1.3662840        
S   1
  1      0.0549100              1.0000000        
S   1
  1      0.0193000              1.0000000        
P   6
  1     10.3092000              0.1282170        
  2      6.6276500             -0.3537900        
  3      1.6744700              0.5662110        
  4      0.8011160              0.4931710        
  5      0.3468790              0.1137750        
  6      0.1227010              0.0025340        
P   6
  1     10.3092000             -0.0358850        
  2      6.6276500              0.1028900        
  3      1.6744700             -0.2009880        
  4      0.8011160             -0.2010450        
  5      0.3468790              0.1165490        
  6      0.1227010              0.5949690        
P   6
  1     10.3092000             -0.0772420        
  2      6.6276500              0.2226110        
  3      1.6744700             -0.4953530        
  4      0.8011160             -0.3607470        
  5      0.3468790              0.7100000        
  6      0.1227010              0.5688390        
P   1
  1      0.0424280              1.0000000        
P   1
  1      0.0147000              1.0000000        
D   5
  1     11.0027000              0.0164670        
  2      6.8916600             -0.0680130        
  3      1.8080800              0.2994920        
  4      0.8210510              0.4543030        
  5      0.3441610              0.3442240        
D   5
  1     11.0027000             -0.0236280        
  2      6.8916600              0.0956720        
  3      1.8080800             -0.5412940        
  4      0.8210510             -0.3955330        
  5      0.3441610              0.6191650        
D   1
  1      0.1297430              1.0000000        
D   1
  1      0.0489000              1.0000000        
F   1
  1      0.8919000              1.0000000        
F   1
  1      0.3789000              1.0000000

MERCURY
S   7
  1     41.4804000              0.0100720        
  2     22.5328000             -0.1147810        
  3     14.0790000              0.3564080        
  4      5.7247400             -0.8484430        
  5      1.4794800              0.9405960        
  6      0.6882660              0.4353290        
  7      0.1641810              0.0131780        
S   7
  1     41.4804000              0.0020320        
  2     22.5328000             -0.0323140        
  3     14.0790000              0.1153500        
  4      5.7247400             -0.3177630        
  5      1.4794800              0.5135230        
  6      0.6882660              0.2500500        
  7      0.1641810             -0.6488410        
S   7
  1     41.4804000              0.0218280        
  2     22.5328000             -0.1555640        
  3     14.0790000              0.3860250        
  4      5.7247400             -0.8961040        
  5      1.4794800              2.3321950        
  6      0.6882660             -1.5976600        
  7      0.1641810             -1.0536460        
S   1
  1      0.0572230              1.0000000        
S   1
  1      0.0199000              1.0000000        
P   6
  1     10.5805000              0.1286920        
  2      6.8053900             -0.3608420        
  3      1.7901600              0.5641170        
  4      0.8622610              0.5002740        
  5      0.3752770              0.1137850        
  6      0.1284210              0.0029390        
P   6
  1     10.5805000             -0.0344430        
  2      6.8053900              0.1009290        
  3      1.7901600             -0.1924390        
  4      0.8622610             -0.1960690        
  5      0.3752770              0.1042040        
  6      0.1284210              0.5873870        
P   6
  1     10.5805000              0.0714680        
  2      6.8053900             -0.2108590        
  3      1.7901600              0.4452040        
  4      0.8622610              0.3916080        
  5      0.3752770             -0.6670830        
  6      0.1284210             -0.6195740        
P   1
  1      0.0434470              1.0000000        
P   1
  1      0.0147000              1.0000000        
D   5
  1     11.5841000              0.0167290        
  2      7.2487900             -0.0695580        
  3      1.9366200              0.3034370        
  4      0.8987480              0.4548780        
  5      0.3869310              0.3368080        
D   5
  1     11.5841000             -0.0249840        
  2      7.2487900              0.1041030        
  3      1.9366200             -0.6169860        
  4      0.8987480             -0.3538260        
  5      0.3869310              0.6872800        
D   1
  1      0.1504660              1.0000000        
D   1
  1      0.0585000              1.0000000        
F   1
  1      0.9974000              1.0000000        
F   1
  1      0.4377000              1.0000000

THALLIUM
S   6
  1     36.1096000              0.0229790        
  2     22.5732000             -0.1728970        
  3     14.1144000              0.4807030        
  4      6.1597600             -0.9532140        
  5      1.5706900              0.9608670        
  6      0.7459610              0.4319720        
S   6
  1     36.1096000              0.0059010        
  2     22.5732000             -0.0544410        
  3     14.1144000              0.1709120        
  4      6.1597600             -0.3868060        
  5      1.5706900              0.5717530        
  6      0.7459610              0.2895580        
S   1
  1      0.1958840              1.0000000        
S   1
  1      0.0710030              1.0000000        
S   1
  1      0.0206000              1.0000000        
P   5
  1     10.3856000              0.1621170        
  2      7.0093900             -0.4046950        
  3      1.7768800              0.6949780        
  4      0.7479420              0.4664960        
  5      0.1768080              0.0280130        
P   5
  1     10.3856000             -0.0391990        
  2      7.0093900              0.1017260        
  3      1.7768800             -0.2199420        
  4      0.7479420             -0.1194500        
  5      0.1768080              0.4597680        
P   1
  1      0.0515320              1.0000000        
P   1
  1      0.0130000              1.0000000        
D   5
  1     10.9087000              0.0217120        
  2      6.8364900             -0.0832690        
  3      1.9974900              0.3418070        
  4      0.9144720              0.4833160        
  5      0.3895180              0.3047550        
D   1
  1      0.1501000              1.0000000        
D   1
  1      0.0437000              1.0000000

LEAD
S   6
  1     37.4583000              0.0248240        
  2     23.3170000             -0.1810620        
  3     14.5759000              0.5007060        
  4      6.4337600             -0.9797370        
  5      1.6671900              0.9666300        
  6      0.8077320              0.4364870        
S   6
  1     37.4583000              0.0067850        
  2     23.3170000             -0.0601870        
  3     14.5759000              0.1889710        
  4      6.4337600             -0.4248380        
  5      1.6671900              0.6220350        
  6      0.8077320              0.3160880        
S   1
  1      0.2270840              1.0000000        
S   1
  1      0.0842520              1.0000000        
S   1
  1      0.0278000              1.0000000        
P   5
  1     10.6186000              0.1701740        
  2      7.1878100             -0.4241790        
  3      1.8943900              0.6934430        
  4      0.8167090              0.4737730        
  5      0.2036880              0.0290470        
P   5
  1     10.6186000             -0.0479540        
  2      7.1878100              0.1245560        
  3      1.8943900             -0.2597760        
  4      0.8167090             -0.1414800        
  5      0.2036880              0.5317690        
P   1
  1      0.0649730              1.0000000        
P   1
  1      0.0197000              1.0000000        
D   5
  1     13.7266000              0.0107870        
  2      6.9898300             -0.0666500        
  3      2.1735200              0.3342590        
  4      1.0281200              0.4826840        
  5      0.4558570              0.3004140        
D   1
  1      0.1822000              1.0000000        
D   1
  1      0.0609000              1.0000000

BISMUTH
S   6
  1    211.8210000              0.0010880        
  2     21.3262000             -0.1058620        
  3     13.3654000              0.5308080        
  4      6.9461000             -1.0502650        
  5      1.7122900              0.9958560        
  6      0.8391070              0.3989520        
S   6
  1    211.8210000              0.0004220        
  2     21.3262000             -0.0385370        
  3     13.3654000              0.2172380        
  4      6.9461000             -0.4810970        
  5      1.7122900              0.7015950        
  6      0.8391070              0.2905200        
S   1
  1      0.2553640              1.0000000        
S   1
  1      0.0967000              1.0000000        
S   1
  1      0.0317000              1.0000000        
P   5
  1     11.0644000              0.1672490        
  2      7.4500000             -0.4252620        
  3      2.0106900              0.6925250        
  4      0.8883210              0.4753740        
  5      0.2363690              0.0298590        
P   5
  1     11.0644000             -0.0522010        
  2      7.4500000              0.1390830        
  3      2.0106900             -0.2935560        
  4      0.8883210             -0.1585740        
  5      0.2363690              0.5743620        
P   1
  1      0.0792900              1.0000000        
P   1
  1      0.0254000              1.0000000        
D   5
  1     16.2461000              0.0078080        
  2      6.9836300             -0.0668310        
  3      2.3747600              0.3241400        
  4      1.1537200              0.4858310        
  5      0.5259740              0.3010560        
D   1
  1      0.2151000              1.0000000        
D   1
  1      0.0745000              1.0000000

POLONIUM
S   6
  1    295.3900000              0.0013830        
  2     21.2683000             -0.1050610        
  3     13.3379000              0.5914250        
  4      7.3652100             -1.1156970        
  5      1.7892000              1.0191620        
  6      0.8849940              0.3798790        
S   6
  1    295.3900000              0.0006830        
  2     21.2683000             -0.0385730        
  3     13.3379000              0.2519580        
  4      7.3652100             -0.5330160        
  5      1.7892000              0.7669010        
  6      0.8849940              0.2818780        
S   1
  1      0.2857870              1.0000000        
S   1
  1      0.1093240              1.0000000        
S   1
  1      0.0359000              1.0000000        
P   5
  1     11.5069000              0.1663640        
  2      7.7299100             -0.4272350        
  3      2.1189400              0.6969640        
  4      0.9553230              0.4713590        
  5      0.2683520              0.0299870        
P   5
  1     11.5069000             -0.0559100        
  2      7.7299100              0.1511230        
  3      2.1189400             -0.3261600        
  4      0.9553230             -0.1614090        
  5      0.2683520              0.6016150        
P   1
  1      0.0884940              1.0000000        
P   1
  1      0.0278000              1.0000000        
D   5
  1     18.7130000              0.0066940        
  2      7.0570800             -0.0671040        
  3      2.5506200              0.3257980        
  4      1.2506900              0.4957630        
  5      0.5742560              0.2931060        
D   1
  1      0.2330000              1.0000000        
D   1
  1      0.0895000              1.0000000

ASTATINE
S   6
  1    304.0310000              0.0010310        
  2     22.4085000             -0.1018690        
  3     14.0490000              0.5632730        
  4      7.5895000             -1.1045120        
  5      1.8949400              1.0263640        
  6      0.9523580              0.3833240        
S   6
  1    304.0310000              0.0004960        
  2     22.4085000             -0.0387430        
  3     14.0490000              0.2490070        
  4      7.5895000             -0.5516910        
  5      1.8949400              0.8155580        
  6      0.9523580              0.2868020        
S   1
  1      0.3170410              1.0000000        
S   1
  1      0.1224900              1.0000000        
S   1
  1      0.0404000              1.0000000        
P   5
  1     12.0093000              0.1631810        
  2      8.0330000             -0.4244130        
  3      2.2239300              0.7031340        
  4      1.0213300              0.4641680        
  5      0.3012660              0.0302600        
P   5
  1     12.0093000             -0.0583630        
  2      8.0330000              0.1606310        
  3      2.2239300             -0.3589420        
  4      1.0213300             -0.1621230        
  5      0.3012660              0.6248880        
P   1
  1      0.0999030              1.0000000        
P   1
  1      0.0313000              1.0000000        
D   5
  1     21.3084000              0.0061410        
  2      7.0207600             -0.0706690        
  3      2.7689800              0.3190200        
  4      1.3731400              0.5044700        
  5      0.6368040              0.2924810        
D   1
  1      0.2593000              1.0000000        
D   1
  1      0.1073000              1.0000000

RADON
S   6
  1    383.5850000              0.0015720        
  2     23.2936000             -0.0761810        
  3     14.6096000              0.4785080        
  4      7.7319900             -1.0439020        
  5      1.9942400              1.0190710        
  6      1.0240700              0.3914520        
S   6
  1    383.5850000              0.0009020        
  2     23.2936000             -0.0265350        
  3     14.6096000              0.2148510        
  4      7.7319900             -0.5453780        
  5      1.9942400              0.8694020        
  6      1.0240700              0.2728620        
S   1
  1      0.3454220              1.0000000        
S   1
  1      0.1350810              1.0000000        
S   1
  1      0.0449000              1.0000000        
P   5
  1     12.4992000              0.1629940        
  2      8.3397600             -0.4262290        
  3      2.3359100              0.7107760        
  4      1.0901900              0.4580860        
  5      0.3348980              0.0292130        
P   5
  1     12.4992000             -0.0609340        
  2      8.3397600              0.1694830        
  3      2.3359100             -0.3880550        
  4      1.0901900             -0.1612760        
  5      0.3348980              0.6446740        
P   1
  1      0.1125460              1.0000000        
P   1
  1      0.0348000              1.0000000        
D   5
  1     24.1705000              0.0058780        
  2      6.9459900             -0.0765200        
  3      3.0380900              0.3071660        
  4      1.5168400              0.5141680        
  5      0.7091570              0.2972850        
D   1
  1      0.2888000              1.0000000        
D   1
  1      0.1251000              1.0000000


