! Obtained from
! https://pseudopotentiallibrary.org

$DATA

HYDROGEN
S  8
  1      23.843185  0.00411490
  2      10.212443  0.01046440
  3       4.374164  0.02801110
  4       1.873529  0.07588620
  5       0.802465  0.18210620
  6       0.343709  0.34852140
  7       0.147217  0.37823130
  8       0.063055  0.11642410
S  1
  1       0.028726  1.00000000
S  1
  1       0.081856  1.00000000
S  1
  1       0.233254  1.00000000
S  1
  1       0.664673  1.00000000
P  1
  1       0.095522  1.00000000
P  1
  1       0.284469  1.00000000
P  1
  1       0.847159  1.00000000
P  1
  1       2.522868  1.00000000
D  1
  1       0.216033  1.00000000
D  1
  1       0.665279  1.00000000
D  1
  1       2.048739  1.00000000
F  1
  1       0.444647  1.00000000
F  1
  1       1.421460  1.00000000

HELIUM
S  8
  1      39.320931  0.01006570
  2      17.174528  0.02487620
  3       7.501461  0.05825370
  4       3.276475  0.13445960
  5       1.431093  0.24431180
  6       0.625070  0.34250610
  7       0.273017  0.28264700
  8       0.119248  0.07392530
S  1
  1       2.065565  1.00000000
S  1
  1       0.657436  1.00000000
S  1
  1       0.209251  1.00000000
S  1
  1       0.066601  1.00000000
P  1
  1       5.989802  1.00000000
P  1
  1       1.842859  1.00000000
P  1
  1       0.566985  1.00000000
P  1
  1       0.174442  1.00000000
D  1
  1       4.312957  1.00000000
D  1
  1       1.213445  1.00000000
D  1
  1       0.341401  1.00000000
F  1
  1       2.677255  1.00000000
F  1
  1       0.704541  1.00000000

LITHIUM
S  10
  1      16.001258  0.00004340
  2       7.583113  -0.00075310
  3       3.593693  -0.00025190
  4       1.703077  0.01696740
  5       0.807101  -0.09099210
  6       0.382491  -0.08931550
  7       0.181265  0.02941550
  8       0.085903  0.36440200
  9       0.040710  0.55049730
 10       0.019293  0.17444120
P  10
  1       7.004881  -0.00053060
  2       3.451199  0.00129490
  3       1.700353  0.00701150
  4       0.837738  0.01716040
  5       0.412741  0.03672400
  6       0.203351  0.09650420
  7       0.100188  0.22110130
  8       0.049361  0.38353580
  9       0.024320  0.33505640
 10       0.011982  0.07814530
S  1
  1       0.519693  1.00000000
S  1
  1       0.109770  1.00000000
S  1
  1       0.024834  1.00000000
S  1
  1       0.009933  1.00000000
P  1
  1       0.207505  1.00000000
P  1
  1       0.115823  1.00000000
P  1
  1       0.070662  1.00000000
P  1
  1       0.028264  1.00000000
D  1
  1       0.214990  1.00000000
D  1
  1       0.089353  1.00000000
D  1
  1       0.029817  1.00000000
D  1
  1       0.011926  1.00000000
F  1
  1       0.240323  1.00000000
F  1
  1       0.099930  1.00000000
F  1
  1       0.039972  1.00000000
G  1
  1       0.199570  1.00000000
G  1
  1       0.079828  1.00000000

BERYLLIUM
S  9
  1      15.965877  0.00069000
  2       7.367361  -0.00037700
  3       3.399626  0.02406900
  4       1.568738  -0.11198900
  5       0.723885  -0.07644200
  6       0.334032  0.13574400
  7       0.154137  0.41851500
  8       0.071126  0.46292400
  9       0.032821  0.12826600
P  9
  1      16.554942  0.00034100
  2       7.526050  0.00322800
  3       3.421421  0.01766000
  4       1.555414  0.03866400
  5       0.707108  0.09863900
  6       0.321458  0.23125900
  7       0.146138  0.38710900
  8       0.066436  0.33944800
  9       0.030203  0.08910200
S  1
  1       1.332887  1.00000000
S  1
  1       0.245509  1.00000000
S  1
  1       0.045221  1.00000000
S  1
  1       0.018088  1.00000000
P  1
  1       2.453623  1.00000000
P  1
  1       0.683999  1.00000000
P  1
  1       0.190679  1.00000000
P  1
  1       0.076272  1.00000000
D  1
  1       0.984098  1.00000000
D  1
  1       0.408510  1.00000000
D  1
  1       0.169577  1.00000000
D  1
  1       0.067831  1.00000000
F  1
  1       0.477034  1.00000000
F  1
  1       0.237971  1.00000000
F  1
  1       0.095188  1.00000000
G  1
  1       0.422045  1.00000000
G  1
  1       0.168818  1.00000000

BORON
S  9
  1      11.760500  -0.00367570
  2       5.150520  0.02505170
  3       2.578276  -0.12492280
  4       1.290648  -0.06628740
  5       0.646080  0.10073410
  6       0.323418  0.33754920
  7       0.161898  0.43084310
  8       0.081044  0.24865580
  9       0.040569  0.03172950
P  9
  1       7.470701  0.00473970
  2       3.735743  0.03760090
  3       1.868068  0.05106000
  4       0.934132  0.14565870
  5       0.467115  0.22379330
  6       0.233582  0.31994670
  7       0.116803  0.28501850
  8       0.058408  0.14488080
  9       0.029207  0.01769620
S  1
  1       0.422217  1.00000000
S  1
  1       0.305133  1.00000000
S  1
  1       0.082968  1.00000000
S  1
  1       0.033187  1.00000000
P  1
  1       0.447031  1.00000000
P  1
  1       0.196614  1.00000000
P  1
  1       0.066445  1.00000000
P  1
  1       0.026578  1.00000000
D  1
  1       1.142614  1.00000000
D  1
  1       0.410733  1.00000000
D  1
  1       0.149100  1.00000000
D  1
  1       0.059640  1.00000000
F  1
  1       0.870011  1.00000000
F  1
  1       0.315902  1.00000000
F  1
  1       0.126361  1.00000000
G  1
  1       0.710746  1.00000000
G  1
  1       0.284298  1.00000000

CARBON
S  9
  1      13.073594  0.00515830
  2       6.541187  0.06034240
  3       4.573411  -0.19784710
  4       1.637494  -0.08103400
  5       0.819297  0.23217260
  6       0.409924  0.29146430
  7       0.231300  0.43364050
  8       0.102619  0.21319400
  9       0.051344  0.00498480
P  9
  1       9.934169  0.02090760
  2       3.886955  0.05726980
  3       1.871016  0.11226820
  4       0.935757  0.21300820
  5       0.468003  0.28358150
  6       0.239473  0.30112070
  7       0.117063  0.20169340
  8       0.058547  0.04535750
  9       0.029281  0.00297750
S  1
  1       0.846879  1.00000000
S  1
  1       0.269659  1.00000000
S  1
  1       0.109576  1.00000000
S  1
  1       0.043830  1.00000000
P  1
  1       0.804681  1.00000000
P  1
  1       0.313254  1.00000000
P  1
  1       0.105389  1.00000000
P  1
  1       0.042156  1.00000000
D  1
  1       2.013760  1.00000000
D  1
  1       0.684884  1.00000000
D  1
  1       0.240171  1.00000000
D  1
  1       0.096069  1.00000000
F  1
  1       0.457302  1.00000000
F  1
  1       1.324930  1.00000000
F  1
  1       0.529972  1.00000000
G  1
  1       1.034180  1.00000000
G  1
  1       0.413672  1.00000000

NITROGEN
S  9
  1      42.693822  -0.00093570
  2      19.963207  0.00632950
  3       9.334597  0.01050380
  4       4.927819  -0.16537350
  5       2.040920  -0.00053520
  6       0.967080  0.24520630
  7       0.476131  0.45821280
  8       0.211443  0.36412240
  9       0.098869  0.06204060
P  9
  1      18.925871  0.00735050
  2       9.225603  0.02928440
  3       4.581431  0.06521680
  4       2.300164  0.14051530
  5       1.154825  0.23281880
  6       0.582039  0.29895560
  7       0.290535  0.28025070
  8       0.145867  0.15279950
  9       0.073234  0.03554750
S  1
  1       1.625001  1.00000000
S  1
  1       0.310826  1.00000000
S  1
  1       0.135764  1.00000000
S  1
  1       0.054306  1.00000000
P  1
  1       1.020750  1.00000000
P  1
  1       0.413103  1.00000000
P  1
  1       0.140736  1.00000000
P  1
  1       0.056294  1.00000000
D  1
  1       3.028459  1.00000000
D  1
  1       1.009895  1.00000000
D  1
  1       0.346233  1.00000000
D  1
  1       0.138493  1.00000000
F  1
  1       2.024747  1.00000000
F  1
  1       0.691129  1.00000000
F  1
  1       0.276452  1.00000000
G  1
  1       1.357512  1.00000000
G  1
  1       0.543005  1.00000000

OXYGEN
S  9
  1      54.775216  -0.00124440
  2      25.616801  0.01073300
  3      11.980245  0.00188890
  4       6.992317  -0.17425370
  5       2.620277  0.00176220
  6       1.225429  0.31618460
  7       0.577797  0.45120230
  8       0.268022  0.31215340
  9       0.125346  0.05111670
P  9
  1      22.217266  0.01048660
  2      10.747550  0.03664350
  3       5.315785  0.08036740
  4       2.660761  0.16270100
  5       1.331816  0.23777910
  6       0.678626  0.28114220
  7       0.333673  0.26431890
  8       0.167017  0.14660140
  9       0.083598  0.04581450
S  1
  1       1.351771  1.00000000
S  1
  1       0.843157  1.00000000
S  1
  1       0.224380  1.00000000
S  1
  1       0.089752  1.00000000
P  1
  1       1.106737  1.00000000
P  1
  1       0.452364  1.00000000
P  1
  1       0.148562  1.00000000
P  1
  1       0.059425  1.00000000
D  1
  1       4.008867  1.00000000
D  1
  1       1.344331  1.00000000
D  1
  1       0.455711  1.00000000
D  1
  1       0.182284  1.00000000
F  1
  1       2.763115  1.00000000
F  1
  1       0.876289  1.00000000
F  1
  1       0.350516  1.00000000
G  1
  1       1.759081  1.00000000
G  1
  1       0.703632  1.00000000

FLUORINE
S  10
  1      84.048652  -0.00000280
  2      41.094617  -0.00035430
  3      20.092738  0.01840880
  4       9.824112  -0.12776610
  5       4.803386  -0.07028720
  6       2.348560  0.15716040
  7       1.148301  0.37690120
  8       0.561449  0.40951650
  9       0.274514  0.19708930
 10       0.134220  0.02434820
P  10
  1      31.642619  0.00296730
  2      16.243233  0.02980490
  3       8.338204  0.06694890
  4       4.280284  0.13377900
  5       2.197215  0.21483120
  6       1.127906  0.26648620
  7       0.578992  0.26189540
  8       0.297216  0.19202170
  9       0.152571  0.08284650
 10       0.078320  0.01330460
S  1
  1       1.705653  1.00000000
S  1
  1       1.048013  1.00000000
S  1
  1       0.294345  1.00000000
S  1
  1       0.117738  1.00000000
P  1
  1       1.650688  1.00000000
P  1
  1       0.647240  1.00000000
P  1
  1       0.205806  1.00000000
P  1
  1       0.082322  1.00000000
D  1
  1       4.998085  1.00000000
D  1
  1       1.724392  1.00000000
D  1
  1       0.587354  1.00000000
D  1
  1       0.234942  1.00000000
F  1
  1       3.694285  1.00000000
F  1
  1       1.178147  1.00000000
F  1
  1       0.471259  1.00000000
G  1
  1       2.406583  1.00000000
G  1
  1       0.962633  1.00000000

ALUMINUM
S   10
  1  8.257944  0.003287
  2  4.514245 -0.017168
  3  2.467734  0.069766
  4  1.348998 -0.183475
  5  0.737436 -0.147133
  6  0.403123  0.046882
  7  0.220369  0.308423
  8  0.120466  0.451564
  9  0.065853  0.302904
 10  0.035999  0.079545
S   1                  
  1  0.347290  1.000000
S   1                  
  1  0.142082  1.000000
S   1
  1  0.058128  1.000000 
S   1
  1  0.025443  1.000000 
P   10
  1  1.570603 -0.002645
  2  0.977752 -0.037850
  3  0.608683  0.006636
  4  0.378925  0.089291
  5  0.235893  0.134421
  6  0.146851  0.256105
  7  0.091420  0.238970
  8  0.056912  0.260677
  9  0.035429  0.112350
 10  0.022056  0.052665
P   1
  1  0.868497  1.000000 
P   1
  1  0.350263  1.000000 
P   1
  1  0.141260  1.000000 
P   1
  1  0.058377  1.000000 
D   1
  1  0.641818  1.000000 
D   1
  1  0.240140  1.000000 
D   1
  1  0.089850  1.000000 
D   1
  1  0.032712  1.000000 
F   1
  1  0.407281  1.000000 
F   1
  1  0.159215  1.000000 
F   1
  1  0.061594  1.000000 
G   1
  1  0.351808  1.000000 
G   1
  1  0.147657  1.000000 

SILICON
S  10
  1  9.998274  0.002894
  2  5.517644 -0.014523
  3  3.044965  0.077634
  4  1.680393 -0.224022
  5  0.927341 -0.149080
  6  0.511762  0.085944
  7  0.282421  0.355394
  8  0.155857  0.445219
  9  0.086011  0.267230
 10  0.047466  0.060787
S   1                     
  1  0.488504  1.000000
S   1                     
  1  0.199457  1.000000
S   1                     
  1  0.081439  1.000000
S   1                     
  1  0.034983  1.000000
P  10                     
  1  5.027868 -0.003242 
  2  2.867751  0.010649
  3  1.635683 -0.049761
  4  0.932947 -0.000017
  5  0.532126  0.106060
  6  0.303509  0.236202
  7  0.173113  0.310665
  8  0.098739  0.294696
  9  0.056318  0.153898
 10  0.032122  0.042337
P   1                     
  1  1.225790  1.000000
P   1                     
  1  0.501364  1.000000
P   1                     
  1  0.205064  1.000000
P   1                     
  1  0.025472  1.000000
D   1                     
  1  0.997003  1.000000
D   1                     
  1  0.365942  1.000000
D   1                     
  1  0.134316  1.000000
D   1                     
  1  0.046497  1.000000
F   1                     
  1  0.549116  1.000000
F   1                     
  1  0.214998  1.000000
F   1                     
  1  0.086852  1.000000
G   1                     
  1  0.459547  1.000000
G   1                     
  1  0.207380  1.000000

PHOSPHORUS
S  10
  1  5.054268  0.001781
  2  3.094719  0.077653
  3  1.894891 -0.312344
  4  1.160239 -0.045804
  5  0.710412 -0.029427
  6  0.434984  0.318560
  7  0.266340  0.309169
  8  0.163080  0.376899
  9  0.099853  0.152113
 10  0.061140  0.054943
S   1                     
  1  0.636005  1.000000
S   1                     
  1  0.258590  1.000000
S   1                     
  1  0.105139  1.000000
S   1                     
  1  0.050176  1.000000
P  10                     
  1  5.861284 -0.003160
  2  3.406365  0.007462
  3  1.979655 -0.060893
  4  1.150503  0.015297
  5  0.668631  0.123431
  6  0.388584  0.257276
  7  0.225831  0.305131
  8  0.131245  0.276016
  9  0.076275  0.134133
 10  0.044328  0.040073
P   1                     
  1  1.653678  1.000000
P   1                     
  1  0.679946  1.000000
P   1                     
  1  0.279575  1.000000
P   1                     
  1  0.123990  1.000000
D   1                     
  1  1.375779  1.000000
D   1                     
  1  0.502887  1.000000
D   1                     
  1  0.183820  1.000000
D   1                     
  1  0.070223  1.000000
F   1                     
  1  0.726730  1.000000
F   1                     
  1  0.284724  1.000000
F   1                     
  1  0.113959  1.000000
G   1                     
  1  0.594990  1.000000
G   1                     
  1  0.246805  1.000000

SULFUR
S  10
  1 14.052570  0.002102
  2  7.864913 -0.011042
  3  4.401818  0.086618
  4  2.463600 -0.271004
  5  1.378823 -0.151274
  6  0.771696  0.136044
  7  0.431901  0.394360
  8  0.241726  0.432098
  9  0.135289  0.230974
 10  0.075718  0.051205
S   1                     
  1  0.818729  1.000000
S   1                     
  1  0.332501  1.000000
S   1                     
  1  0.135035  1.000000
S   1                     
  1  0.064704  1.000000
P  10                     
  1  6.808844 -0.003573
  2  3.941560  0.001903
  3  2.281723 -0.065016
  4  1.320863  0.042305
  5  0.764632  0.158772
  6  0.442637  0.278172
  7  0.256237  0.293821
  8  0.148333  0.248015
  9  0.085868  0.114905
 10  0.049708  0.032934
P   1                     
  1  2.088209  1.000000
P   1                     
  1  0.838124  1.000000
P   1                     
  1  0.336390  1.000000
P   1                     
  1  0.159376  1.000000
D   1                     
  1  1.681890  1.000000
D   1                     
  1  0.613672  1.000000
D   1                     
  1  0.223911  1.000000
D   1                     
  1  0.088063  1.000000
F   1                     
  1  0.898397  1.000000
F   1                     
  1  0.339271  1.000000
F   1                     
  1  0.145572  1.000000
G   1                     
  1  0.691446  1.000000
G   1                     
  1  0.300224  1.000000

CHLORINE
S  10
  1 15.583847  0.002501
  2  8.858485 -0.010046
  3  5.035519  0.085810
  4  2.862391 -0.290136
  5  1.627098 -0.140314
  6  0.924908  0.146839
  7  0.525755  0.392484
  8  0.298860  0.425061
  9  0.169884  0.227195
 10  0.096569  0.059828
S   1                     
  1  1.038268  1.000000
S   1                     
  1  0.418863  1.000000
S   1                     
  1  0.168980  1.000000
S   1                     
  1  0.080650  1.000000
P  10                     
  1  7.682894 -0.004609  
  2  4.507558 -0.001798
  3  2.644587 -0.068614
  4  1.551581  0.062352
  5  0.910313  0.166337
  6  0.534081  0.282292
  7  0.313346  0.275967
  8  0.183840  0.241328
  9  0.107859  0.110223
 10  0.063281  0.040289
P   1                     
  1  2.626653  1.000000
P   1                     
  1  1.069041  1.000000
P   1                     
  1  0.435097  1.000000
P   1                     
  1  0.204536  1.000000
D   1                     
  1  2.102692  1.000000
D   1                     
  1  0.763188  1.000000
D   1                     
  1  0.277005  1.000000
D   1                     
  1  0.110075  1.000000
F   1                     
  1  1.139446  1.000000
F   1                     
  1  0.434852  1.000000
F   1                     
  1  0.209794  1.000000
G   1                     
  1  0.844301  1.000000
G   1                     
  1  0.374704  1.000000

POTASSIUM
S  13
  1      33.190598  0.00093460
  2      17.266513  -0.01746080
  3       8.982438  0.15299840
  4       4.672871  -0.34050680
  5       2.430935  -0.22863440
  6       1.264628  0.22672980
  7       0.657889  0.54910420
  8       0.342249  0.42310450
  9       0.178046  0.09104080
 10       0.092623  0.00345520
 11       0.048185  -0.00028370
 12       0.025067  0.00055460
 13       0.013040  0.00000310
S  13
  1      33.190598  -0.00013550
  2      17.266513  0.00327580
  3       8.982438  -0.03127550
  4       4.672871  0.07304500
  5       2.430935  0.04905170
  6       1.264628  -0.05320270
  7       0.657889  -0.13678160
  8       0.342249  -0.16629980
  9       0.178046  -0.15469740
 10       0.092623  0.00178980
 11       0.048185  0.40887000
 12       0.025067  0.56715150
 13       0.013040  0.18420760
P  12
  1      25.955983  0.00005310
  2      12.863527  0.00359740
  3       6.375036  -0.04058580
  4       3.159405  -0.04220760
  5       1.565770  0.20965770
  6       0.775980  0.39509450
  7       0.384568  0.37504360
  8       0.190588  0.15682480
  9       0.094453  0.01966940
 10       0.046810  0.00125380
 11       0.023199  0.00029050
 12       0.011497  -0.00000980
P  12
  1      25.955983  -0.00001130
  2      12.863527  -0.00050130
  3       6.375036  0.00601080
  4       3.159405  0.00570550
  5       1.565770  -0.03288980
  6       0.775980  -0.05912520
  7       0.384568  -0.06798030
  8       0.190588  -0.04852530
  9       0.094453  0.02182800
 10       0.046810  0.27827650
 11       0.023199  0.48640440
 12       0.011497  0.31832720
D  11
  1      25.002828  0.00002860
  2      10.959775  -0.00030190
  3       4.804124  0.00482980
  4       2.105846  0.01402200
  5       0.923080  0.02589140
  6       0.404624  0.03605440
  7       0.177364  0.04862730
  8       0.077746  0.10242950
  9       0.034079  0.28114010
 10       0.014938  0.51238900
 11       0.006548  0.25265610
S  1
  1       0.150724  1.00000000
S  1
  1       0.069050  1.00000000
S  1
  1       0.031633  1.00000000
S  1
  1       0.014492  1.00000000
S  1
  1       0.007246  1.00000000
P  1
  1       0.071025  1.00000000
P  1
  1       0.035889  1.00000000
P  1
  1       0.018135  1.00000000
P  1
  1       0.009164  1.00000000
P  1
  1       0.004582  1.00000000
D  1
  1       0.063256  1.00000000
D  1
  1       0.023163  1.00000000
D  1
  1       0.008482  1.00000000
D  1
  1       0.004241  1.00000000
F  1
  1       0.123997  1.00000000
F  1
  1       0.062758  1.00000000
F  1
  1       0.031379  1.00000000
G  1
  1       0.011607  1.00000000
G  1
  1       0.005803  1.00000000

CALCIUM
S  13
  1      38.909972  0.00094450
  2      20.573489  -0.01770900
  3      10.878148  0.14349340
  4       5.751777  -0.28035140
  5       3.041228  -0.28847700
  6       1.608037  0.17248640
  7       0.850243  0.55290080
  8       0.449563  0.46769880
  9       0.237704  0.09929150
 10       0.125685  0.00665130
 11       0.066456  -0.00192570
 12       0.035138  0.00096120
 13       0.018579  -0.00024390
S  13
  1      38.909972  -0.00018310
  2      20.573489  0.00425520
  3      10.878148  -0.03727720
  4       5.751777  0.07704740
  5       3.041228  0.07822310
  6       1.608037  -0.05175260
  7       0.850243  -0.17462310
  8       0.449563  -0.25326320
  9       0.237704  -0.16061050
 10       0.125685  0.12654760
 11       0.066456  0.46487670
 12       0.035138  0.47840060
 13       0.018579  0.15642960
P  12
  1      31.519451  -0.00013110
  2      15.831494  0.00581110
  3       7.951795  -0.04461000
  4       3.994003  -0.04239180
  5       2.006096  0.18028850
  6       1.007616  0.40747440
  7       0.506102  0.38646720
  8       0.254203  0.15452190
  9       0.127681  0.01706770
 10       0.064131  0.00315970
 11       0.032211  -0.00022470
 12       0.016179  0.00016830
P  12
  1      31.519451  0.00002060
  2      15.831494  -0.00124550
  3       7.951795  0.01011140
  4       3.994003  0.00894270
  5       2.006096  -0.04458680
  6       1.007616  -0.09627520
  7       0.506102  -0.11300730
  8       0.254203  -0.06533320
  9       0.127681  0.14680910
 10       0.064131  0.44119800
 11       0.032211  0.42763180
 12       0.016179  0.12519670
D  11
  1      28.997930  0.00227830
  2      13.712713  0.01197270
  3       6.484549  0.02273230
  4       3.066452  0.06997740
  5       1.450082  0.12588700
  6       0.685723  0.17597110
  7       0.324269  0.20962750
  8       0.153342  0.25661550
  9       0.072513  0.28874140
 10       0.034291  0.22477940
 11       0.016216  0.08294810
S  1
  1       0.299840  1.00000000
S  1
  1       0.087500  1.00000000
S  1
  1       0.042030  1.00000000
S  1
  1       0.019731  1.00000000
S  1
  1       0.007000  1.00000000
P  1
  1       0.228266  1.00000000
P  1
  1       0.092361  1.00000000
P  1
  1       0.041625  1.00000000
P  1
  1       0.018573  1.00000000
P  1
  1       0.004800  1.00000000
D  1
  1       0.267718  1.00000000
D  1
  1       0.091527  1.00000000
D  1
  1       0.030733  1.00000000
D  1
  1       0.006000  1.00000000
F  1
  1       0.501100  1.00000000
F  1
  1       0.116000  1.00000000
F  1
  1       0.025400  1.00000000
G  1
  1       0.143100  1.00000000
G  1
  1       0.046500  1.00000000

SCANDIUM
S  13
  1      66.882574  0.00055300
  2      33.776681  -0.00511500
  3      18.185884  0.00416100
  4      11.748619  0.12160300
  5       6.895190  -0.27013700
  6       3.222124  -0.32441000
  7       1.772120  0.29116200
  8       0.841163  0.62893100
  9       0.471976  0.27340600
 10       0.313224  0.13535200
 11       0.101013  0.00804100
 12       0.049071  -0.00261000
 13       0.022782  0.00059700
S  13
  1      66.882574  -0.00013900
  2      33.776681  0.00134500
  3      18.185884  -0.00144500
  4      11.748619  -0.03208200
  5       6.895190  0.07550600
  6       3.222124  0.08992700
  7       1.772120  -0.09008600
  8       0.841163  -0.21644400
  9       0.471976  -0.17925000
 10       0.313224  -0.12816000
 11       0.101013  0.33793500
 12       0.049071  0.60918100
 13       0.022782  0.24418100
S  13
  1      66.882574  -0.00067900
  2      33.776681  0.00545600
  3      18.185884  -0.01668400
  4      11.748619  -0.03173900
  5       6.895190  0.10956000
  6       3.222124  0.23329300
  7       1.772120  -0.31020700
  8       0.841163  -0.24508300
  9       0.471976  -1.17524800
 10       0.313224  1.03235900
 11       0.101013  1.59903900
 12       0.049071  -0.62399000
 13       0.022782  -0.84749800
S  13
  1      66.882574  -0.00145200
  2      33.776681  0.01136200
  3      18.185884  -0.03987600
  4      11.748619  -0.02581000
  5       6.895190  0.15794300
  6       3.222124  0.45286800
  7       1.772120  -0.76658700
  8       0.841163  -0.60780000
  9       0.471976  -1.71600200
 10       0.313224  3.61400300
 11       0.101013  -0.56948000
 12       0.049071  -2.25596700
 13       0.022782  1.91016000
S  13
  1      66.882574  0.00043000
  2      33.776681  -0.00113700
  3      18.185884  0.02081200
  4      11.748619  -0.18957800
  5       6.895190  0.43867600
  6       3.222124  0.26761800
  7       1.772120  -0.73280800
  8       0.841163  -3.04424000
  9       0.471976  5.47606700
 10       0.313224  -1.01760200
 11       0.101013  -5.01443900
 12       0.049071  6.15979200
 13       0.022782  -2.69036800
S  1
  1       0.022782  1.00000000
S  1
  1       0.011000  1.00000000
P  13
  1      77.690832  0.00008800
  2      39.751864  -0.00075400
  3      20.615633  0.00658400
  4      11.537150  -0.00718900
  5       7.597186  -0.06890300
  6       3.765117  -0.01384200
  7       2.051006  0.24870400
  8       1.048648  0.43432800
  9       0.550231  0.32690600
 10       0.303840  0.10461700
 11       0.165809  0.01851200
 12       0.060419  0.00139500
 13       0.024751  0.00009300
P  13
  1      77.690832  0.00001700
  2      39.751864  -0.00002600
  3      20.615633  -0.00086100
  4      11.537150  -0.00048300
  5       7.597186  0.02136400
  6       3.765117  -0.00370600
  7       2.051006  -0.05871800
  8       1.048648  -0.14336400
  9       0.550231  -0.07728000
 10       0.303840  -0.10776400
 11       0.165809  0.32285900
 12       0.060419  0.62172600
 13       0.024751  0.25378700
P  13
  1      77.690832  -0.00006300
  2      39.751864  0.00054900
  3      20.615633  -0.00512000
  4      11.537150  0.00701100
  5       7.597186  0.05366100
  6       3.765117  0.00357400
  7       2.051006  -0.23586100
  8       1.048648  -0.49480100
  9       0.550231  -0.22957500
 10       0.303840  0.91797300
 11       0.165809  0.62115500
 12       0.060419  -0.82464800
 13       0.024751  -0.15759200
P  13
  1      77.690832  -0.00024300
  2      39.751864  0.00156800
  3      20.615633  -0.00955400
  4      11.537150  0.01802000
  5       7.597186  0.05100800
  6       3.765117  0.04328000
  7       2.051006  -0.40417800
  8       1.048648  -0.82490400
  9       0.550231  0.71001400
 10       0.303840  2.22525500
 11       0.165809  -2.74290300
 12       0.060419  0.58142300
 13       0.024751  0.48091000
P  13
  1      77.690832  -0.00025600
  2      39.751864  0.00108400
  3      20.615633  0.00040000
  4      11.537150  0.02195600
  5       7.597186  -0.16269400
  6       3.765117  0.00037100
  7       2.051006  1.05365400
  8       1.048648  0.65865100
  9       0.550231  -4.72226800
 10       0.303840  5.40799300
 11       0.165809  -2.00216600
 12       0.060419  -0.71482200
 13       0.024751  0.92680100
P  1
  1       0.024751  1.00000000
P  1
  1       0.012000  1.00000000
D  11
  1      60.996829  0.00005600
  2      22.097637  0.00505400
  3      10.186744  0.03222300
  4       4.633892  0.08247900
  5       2.146927  0.15936300
  6       1.014536  0.22860400
  7       0.487206  0.24369100
  8       0.248191  0.23165100
  9       0.131273  0.19543100
 10       0.063714  0.21458900
 11       0.021542  0.07411300
D  11
  1      60.996829  -0.00007200
  2      22.097637  -0.00607900
  3      10.186744  -0.03905400
  4       4.633892  -0.10065200
  5       2.146927  -0.19433000
  6       1.014536  -0.25355600
  7       0.487206  -0.21355600
  8       0.248191  0.05418200
  9       0.131273  0.26118800
 10       0.063714  0.52021500
 11       0.021542  0.16690700
D  11
  1      60.996829  0.00005400
  2      22.097637  0.00819500
  3      10.186744  0.05007300
  4       4.633892  0.13617400
  5       2.146927  0.24651600
  6       1.014536  0.25815800
  7       0.487206  -0.12479900
  8       0.248191  -0.43908100
  9       0.131273  -0.47534700
 10       0.063714  0.52718700
 11       0.021542  0.47337300
D  11
  1      60.996829  -0.00013200
  2      22.097637  -0.01019500
  3      10.186744  -0.06681500
  4       4.633892  -0.17925500
  5       2.146927  -0.33873300
  6       1.014536  -0.14578400
  7       0.487206  0.70044400
  8       0.248191  0.51197600
  9       0.131273  -1.01912300
 10       0.063714  -0.09222100
 11       0.021542  0.69667500
D  1
  1       0.021542  1.00000000
D  1
  1       0.010000  1.00000000
F  1
  1       0.034940  1.00000000
F  1
  1       0.121673  1.00000000
F  1
  1       0.423707  1.00000000
F  1
  1       1.475494  1.00000000
G  1
  1       0.155030  1.00000000
G  1
  1       0.318017  1.00000000
G  1
  1       0.652356  1.00000000
H  1
  1       0.472110  1.00000000
H  1
  1       3.057835  1.00000000

TITANIUM
S  13
  1      68.910511  0.00061600
  2      33.720700  -0.00750100
  3      18.159676  0.01221800
  4      12.419305  0.14473900
  5       7.532195  -0.32862100
  6       3.504444  -0.31751700
  7       1.910727  0.35742200
  8       0.888840  0.67140600
  9       0.447198  0.28222600
 10       0.281192  0.03867300
 11       0.100258  0.00455900
 12       0.046525  -0.00156500
 13       0.021840  0.00039800
S  13
  1      68.910511  -0.00015600
  2      33.720700  0.00196600
  3      18.159676  -0.00399400
  4      12.419305  -0.03637700
  5       7.532195  0.08859300
  6       3.504444  0.08563000
  7       1.910727  -0.10599300
  8       0.888840  -0.23742100
  9       0.447198  -0.23535900
 10       0.281192  -0.01296000
 11       0.100258  0.43358200
 12       0.046525  0.57787300
 13       0.021840  0.16436000
S  13
  1      68.910511  0.00063500
  2      33.720700  -0.00646800
  3      18.159676  0.02344400
  4      12.419305  0.03892100
  5       7.532195  -0.14118000
  6       3.504444  -0.21476500
  7       1.910727  0.32015100
  8       0.888840  0.45106200
  9       0.447198  0.85519100
 10       0.281192  -1.20922400
 11       0.100258  -1.31948100
 12       0.046525  0.86651700
 13       0.021840  0.61891600
S  13
  1      68.910511  -0.00117800
  2      33.720700  0.01187700
  3      18.159676  -0.04724000
  4      12.419305  -0.05092200
  5       7.532195  0.23774600
  6       3.504444  0.40318500
  7       1.910727  -0.79096100
  8       0.888840  -1.10227600
  9       0.447198  0.20944600
 10       0.281192  2.52735200
 11       0.100258  -1.78904100
 12       0.046525  -0.86784200
 13       0.021840  1.42739500
S  13
  1      68.910511  0.00011500
  2      33.720700  0.00283300
  3      18.159676  0.00614100
  4      12.419305  -0.20968200
  5       7.532195  0.51836700
  6       3.504444  0.30416400
  7       1.910727  -1.23286300
  8       0.888840  -2.09050800
  9       0.447198  7.09271500
 10       0.281192  -4.54374400
 11       0.100258  -2.24827000
 12       0.046525  4.47391800
 13       0.021840  -2.42629600
S  1
  1       0.021840  1.00000000
S  1
  1       0.010000  1.00000000
P  13
  1      84.914002  0.00009300
  2      42.855051  -0.00083600
  3      21.700131  0.00867900
  4      12.214690  -0.01117800
  5       8.319164  -0.07776700
  6       4.091071  -0.00611300
  7       2.286543  0.27182800
  8       1.159810  0.45958500
  9       0.591343  0.31590000
 10       0.312862  0.07168300
 11       0.184828  0.01054100
 12       0.068590  0.00004500
 13       0.026791  -0.00083700
P  13
  1      84.914002  0.00002000
  2      42.855051  -0.00004900
  3      21.700131  -0.00076100
  4      12.214690  -0.00057500
  5       8.319164  0.01828400
  6       4.091071  -0.00594300
  7       2.286543  -0.04321200
  8       1.159810  -0.11251300
  9       0.591343  -0.05207300
 10       0.312862  -0.09226300
 11       0.184828  0.24394600
 12       0.068590  0.41310100
 13       0.026791  0.54398500
P  13
  1      84.914002  0.00001900
  2      42.855051  0.00013800
  3      21.700131  -0.00462200
  4      12.214690  0.00446500
  5       8.319164  0.06576000
  6       4.091071  -0.01892700
  7       2.286543  -0.22252400
  8       1.159810  -0.52389000
  9       0.591343  -0.07127700
 10       0.312862  0.81271200
 11       0.184828  0.62549800
 12       0.068590  -0.81218900
 13       0.026791  -0.18579600
P  13
  1      84.914002  -0.00025700
  2      42.855051  0.00172500
  3      21.700131  -0.01264600
  4      12.214690  0.02906200
  5       8.319164  0.05897900
  6       4.091071  0.03080600
  7       2.286543  -0.52437300
  8       1.159810  -0.72096800
  9       0.591343  1.02320400
 10       0.312862  1.97387400
 11       0.184828  -2.80509200
 12       0.068590  0.60795400
 13       0.026791  0.44765300
P  13
  1      84.914002  0.00027100
  2      42.855051  -0.00190200
  3      21.700131  0.01541200
  4      12.214690  -0.03758600
  5       8.319164  -0.12453600
  6       4.091071  0.04081200
  7       2.286543  1.34382300
  8       1.159810  -0.26941100
  9       0.591343  -3.72959000
 10       0.312862  5.88498300
 11       0.184828  -3.11385300
 12       0.068590  -0.25697300
 13       0.026791  0.71073300
P  1
  1       0.026791  1.00000000
P  1
  1       0.013000  1.00000000
D  11
  1      77.434559  0.00002200
  2      27.708477  0.00421800
  3      12.914284  0.03008700
  4       6.062674  0.08482100
  5       2.863898  0.17111000
  6       1.386559  0.24745100
  7       0.677058  0.27731000
  8       0.329864  0.26107700
  9       0.159474  0.19033600
 10       0.076174  0.11938500
 11       0.028570  0.03129700
D  11
  1      77.434559  -0.00002500
  2      27.708477  -0.00431100
  3      12.914284  -0.03091300
  4       6.062674  -0.08804900
  5       2.863898  -0.17833000
  6       1.386559  -0.23433500
  7       0.677058  -0.19577500
  8       0.329864  0.06587200
  9       0.159474  0.33053600
 10       0.076174  0.46122900
 11       0.028570  0.18427300
D  11
  1      77.434559  0.00001000
  2      27.708477  0.00618700
  3      12.914284  0.04263000
  4       6.062674  0.12752400
  5       2.863898  0.24828900
  6       1.386559  0.25976100
  7       0.677058  -0.07079400
  8       0.329864  -0.51939600
  9       0.159474  -0.37365800
 10       0.076174  0.45506700
 11       0.028570  0.48958600
D  11
  1      77.434559  0.00001100
  2      27.708477  -0.00802600
  3      12.914284  -0.05387500
  4       6.062674  -0.16879500
  5       2.863898  -0.31234400
  6       1.386559  -0.17203100
  7       0.677058  0.58763300
  8       0.329864  0.52859200
  9       0.159474  -0.85964400
 10       0.076174  -0.27383100
 11       0.028570  0.80275400
D  1
  1       0.028570  1.00000000
D  1
  1       0.014000  1.00000000
F  1
  1       0.055499  1.00000000
F  1
  1       0.193613  1.00000000
F  1
  1       0.675430  1.00000000
F  1
  1       2.356279  1.00000000
G  1
  1       0.101467  1.00000000
G  1
  1       0.402576  1.00000000
G  1
  1       1.597247  1.00000000
H  1
  1       0.316183  1.00000000
H  1
  1       0.848174  1.00000000

VANADIUM
S  13
  1      68.577621  0.00080400
  2      34.937147  -0.01159400
  3      17.939491  0.09220900
  4      11.262123  -0.04547700
  5       6.776264  -0.28798300
  6       3.524091  -0.21764800
  7       1.938421  0.40750900
  8       0.927153  0.65819300
  9       0.448420  0.25523400
 10       0.209668  0.00862000
 11       0.103660  0.00273400
 12       0.050630  -0.00116100
 13       0.024201  0.00029400
S  13
  1      68.577621  -0.00017700
  2      34.937147  0.00279100
  3      17.939491  -0.02365000
  4      11.262123  0.01250400
  5       6.776264  0.07876100
  6       3.524091  0.05497400
  7       1.938421  -0.11895500
  8       0.927153  -0.24534100
  9       0.448420  -0.22295900
 10       0.209668  0.04780900
 11       0.103660  0.41537400
 12       0.050630  0.54088000
 13       0.024201  0.18342100
S  13
  1      68.577621  -0.00058300
  2      34.937147  0.00957000
  3      17.939491  -0.08560600
  4      11.262123  0.04842600
  5       6.776264  0.33123900
  6       3.524091  0.14035200
  7       1.938421  -0.90796200
  8       0.927153  -0.50387800
  9       0.448420  0.39893800
 10       0.209668  0.97113100
 11       0.103660  0.42399900
 12       0.050630  -0.62864600
 13       0.024201  -0.46749500
S  13
  1      68.577621  -0.00076500
  2      34.937147  0.01452900
  3      17.939491  -0.13961800
  4      11.262123  0.06307300
  5       6.776264  0.70419300
  6       3.524091  -0.01160200
  7       1.938421  -2.31160400
  8       0.927153  0.76826900
  9       0.448420  2.16892000
 10       0.209668  -1.06267100
 11       0.103660  -1.21815100
 12       0.050630  0.34080900
 13       0.024201  0.71332200
S  13
  1      68.577621  -0.00356700
  2      34.937147  0.01000700
  3      17.939491  0.04020200
  4      11.262123  0.34329500
  5       6.776264  -2.09702200
  6       3.524091  2.80403900
  7       1.938421  1.20663800
  8       0.927153  -4.50572400
  9       0.448420  2.15832500
 10       0.209668  2.12989200
 11       0.103660  -2.26503700
 12       0.050630  -0.68105100
 13       0.024201  1.25786200
S  1
  1       0.024201  1.00000000
S  1
  1       0.012000  1.00000000
P  13
  1      96.215967  0.00006900
  2      49.579340  -0.00067200
  3      25.638009  0.00819900
  4      14.025942  -0.02710800
  5       8.740334  -0.05302100
  6       4.634840  0.00500200
  7       2.553374  0.26198600
  8       1.321166  0.43354400
  9       0.681285  0.32494700
 10       0.349458  0.09234200
 11       0.172773  0.00896400
 12       0.063300  0.00118500
 13       0.033969  0.00010400
P  13
  1      96.215967  0.00004000
  2      49.579340  -0.00013300
  3      25.638009  -0.00095500
  4      14.025942  0.00371900
  5       8.740334  0.01886600
  6       4.634840  -0.01207400
  7       2.553374  -0.05710700
  8       1.321166  -0.14643300
  9       0.681285  -0.06736500
 10       0.349458  -0.06825400
 11       0.172773  0.40310300
 12       0.063300  0.50266800
 13       0.033969  0.26129100
P  13
  1      96.215967  -0.00005300
  2      49.579340  0.00002300
  3      25.638009  0.00462900
  4      14.025942  -0.00775500
  5       8.740334  -0.10413300
  6       4.634840  -0.01776200
  7       2.553374  0.72821200
  8       1.321166  0.21882600
  9       0.681285  -0.49322300
 10       0.349458  -0.83819200
 11       0.172773  0.39840100
 12       0.063300  0.66458900
 13       0.033969  0.03301100
P  13
  1      96.215967  -0.00126200
  2      49.579340  0.00641900
  3      25.638009  -0.02122900
  4      14.025942  0.11577700
  5       8.740334  -0.42074000
  6       4.634840  0.19774200
  7       2.553374  1.57560000
  8       1.321166  -1.06791300
  9       0.681285  -1.31008300
 10       0.349458  1.19114700
 11       0.172773  0.55051600
 12       0.063300  -0.71878800
 13       0.033969  -0.15744100
P  13
  1      96.215967  -0.00478000
  2      49.579340  0.02531200
  3      25.638009  -0.09426700
  4      14.025942  0.43789600
  5       8.740334  -1.44316600
  6       4.634840  2.63678000
  7       2.553374  -0.38243600
  8       1.321166  -2.76188100
  9       0.681285  2.15975600
 10       0.349458  0.67615100
 11       0.172773  -1.62151700
 12       0.063300  0.42916400
 13       0.033969  0.40017800
P  1
  1       0.033969  1.00000000
P  1
  1       0.016000  1.00000000
D  11
  1      89.989649  0.00005100
  2      33.132961  0.00480400
  3      15.879656  0.02948500
  4       7.465803  0.08624900
  5       3.551993  0.17972800
  6       1.728185  0.26185000
  7       0.850498  0.29179400
  8       0.417673  0.25935600
  9       0.201523  0.17494400
 10       0.100711  0.06227800
 11       0.058959  0.02765300
D  11
  1      89.989649  -0.00003800
  2      33.132961  -0.00459000
  3      15.879656  -0.02756300
  4       7.465803  -0.08277500
  5       3.551993  -0.17349400
  6       1.728185  -0.23618800
  7       0.850498  -0.14922600
  8       0.417673  0.04414500
  9       0.201523  0.39050000
 10       0.100711  0.20306400
 11       0.058959  0.39800200
D  11
  1      89.989649  0.00012800
  2      33.132961  0.00665200
  3      15.879656  0.04463500
  4       7.465803  0.12255900
  5       3.551993  0.31114700
  6       1.728185  0.28881300
  7       0.850498  -0.14224600
  8       0.417673  -0.61373700
  9       0.201523  -0.12391600
 10       0.100711  -0.02023500
 11       0.058959  0.73325900
D  11
  1      89.989649  0.00004500
  2      33.132961  -0.01039400
  3      15.879656  -0.05505100
  4       7.465803  -0.17145700
  5       3.551993  -0.51992200
  6       1.728185  0.09902600
  7       0.850498  0.82933200
  8       0.417673  -0.07090800
  9       0.201523  -0.47117100
 10       0.100711  -0.87878900
 11       0.058959  1.21174700
D  1
  1       0.058959  1.00000000
D  1
  1       0.027000  1.00000000
F  1
  1       0.092956  1.00000000
F  1
  1       0.309164  1.00000000
F  1
  1       1.028253  1.00000000
F  1
  1       3.419885  1.00000000
G  1
  1       0.290466  1.00000000
G  1
  1       0.946128  1.00000000
G  1
  1       3.081804  1.00000000
H  1
  1       0.913918  1.00000000
H  1
  1       2.514905  1.00000000

CHROMIUM
S  13
  1      73.977737  0.00086400
  2      37.684349  -0.01159500
  3      19.278723  0.09046700
  4      12.130763  -0.02483700
  5       7.453002  -0.33040700
  6       3.756296  -0.20059800
  7       2.084137  0.44976600
  8       0.993314  0.64757500
  9       0.483094  0.22902500
 10       0.225854  0.00921700
 11       0.115338  0.00113200
 12       0.052134  -0.00036700
 13       0.023679  0.00009200
S  13
  1      73.977737  -0.00018300
  2      37.684349  0.00270400
  3      19.278723  -0.02265000
  4      12.130763  0.00718100
  5       7.453002  0.08770500
  6       3.756296  0.04761600
  7       2.084137  -0.12567200
  8       0.993314  -0.24457100
  9       0.483094  -0.19841900
 10       0.225854  0.03088900
 11       0.115338  0.42393500
 12       0.052134  0.57694100
 13       0.023679  0.14832300
S  13
  1      73.977737  -0.00032700
  2      37.684349  0.00530900
  3      19.278723  -0.04690500
  4      12.130763  0.01541100
  5       7.453002  0.19169700
  6       3.756296  0.09975900
  7       2.084137  -0.33899400
  8       0.993314  -0.69580600
  9       0.483094  -0.00731500
 10       0.225854  1.11859900
 11       0.115338  0.71725700
 12       0.052134  -0.86856500
 13       0.023679  -0.46718600
S  13
  1      73.977737  -0.00069800
  2      37.684349  0.01020700
  3      19.278723  -0.09126100
  4      12.130763  0.05220700
  5       7.453002  0.34216400
  6       3.756296  0.17486600
  7       2.084137  -0.99425800
  8       0.993314  -1.19060400
  9       0.483094  2.27183400
 10       0.225854  1.00301300
 11       0.115338  -2.60523500
 12       0.052134  0.26515800
 13       0.023679  0.90228600
S  13
  1      73.977737  0.00298300
  2      37.684349  -0.02696900
  3      19.278723  0.19930400
  4      12.130763  -0.25709400
  5       7.453002  -0.31292400
  6       3.756296  -0.37282300
  7       2.084137  2.61267600
  8       0.993314  -1.10831900
  9       0.483094  -3.52097300
 10       0.225854  5.38631500
 11       0.115338  -1.94819200
 12       0.052134  -1.98569900
 13       0.023679  1.70618700
S  1
  1       0.023679  1.00000000
S  1
  1       0.011000  1.00000000
P  13
  1     101.951240  0.00008800
  2      52.309865  -0.00074700
  3      27.142574  0.00713500
  4      15.066862  -0.01470200
  5       9.693669  -0.07335300
  6       4.985710  0.01200700
  7       2.761266  0.28311700
  8       1.417673  0.44078600
  9       0.728201  0.30677500
 10       0.378189  0.08180400
 11       0.189359  0.00883900
 12       0.072301  0.00102200
 13       0.037471  0.00032500
P  13
  1     101.951240  0.00002800
  2      52.309865  -0.00008500
  3      27.142574  -0.00075100
  4      15.066862  0.00084400
  5       9.693669  0.02265600
  6       4.985710  -0.01278100
  7       2.761266  -0.06238600
  8       1.417673  -0.14358100
  9       0.728201  -0.06228100
 10       0.378189  -0.05447100
 11       0.189359  0.37713500
 12       0.072301  0.47163300
 13       0.037471  0.31162400
P  13
  1     101.951240  -0.00013700
  2      52.309865  0.00093200
  3      27.142574  -0.00684500
  4      15.066862  0.01983100
  5       9.693669  0.04364700
  6       4.985710  -0.01928900
  7       2.761266  -0.28118700
  8       1.417673  -0.37029800
  9       0.728201  -0.19987300
 10       0.378189  1.02855200
 11       0.189359  0.42371100
 12       0.072301  -0.80092600
 13       0.037471  -0.14191000
P  13
  1     101.951240  0.00002700
  2      52.309865  0.00018000
  3      27.142574  -0.00574200
  4      15.066862  0.02041900
  5       9.693669  0.10052700
  6       4.985710  -0.10060800
  7       2.761266  -0.60774600
  8       1.417673  -0.60170500
  9       0.728201  1.45090500
 10       0.378189  0.67229900
 11       0.189359  -1.90482300
 12       0.072301  0.66581400
 13       0.037471  0.34852200
P  13
  1     101.951240  0.00053400
  2      52.309865  -0.00333900
  3      27.142574  0.01766200
  4      15.066862  -0.08424900
  5       9.693669  -0.08077700
  6       4.985710  0.27239200
  7       2.761266  1.31045500
  8       1.417673  -1.06179300
  9       0.728201  -2.37680500
 10       0.378189  4.47731700
 11       0.189359  -2.79579800
 12       0.072301  0.20300800
 13       0.037471  0.57055500
P  1
  1       0.037471  1.00000000
P  1
  1       0.018000  1.00000000
D  11
  1     120.683729  -0.00000600
  2      42.646591  0.00311100
  3      21.154405  0.02864100
  4       9.708242  0.07622200
  5       4.614990  0.17059500
  6       2.243726  0.26690800
  7       1.086491  0.31103900
  8       0.524700  0.26731200
  9       0.255752  0.16333600
 10       0.121497  0.06278200
 11       0.054339  0.00787200
D  11
  1     120.683729  0.00001700
  2      42.646591  -0.00357600
  3      21.154405  -0.03147600
  4       9.708242  -0.08758300
  5       4.614990  -0.19574000
  6       2.243726  -0.27013200
  7       1.086491  -0.17003400
  8       0.524700  0.14341200
  9       0.255752  0.40868700
 10       0.121497  0.37025700
 11       0.054339  0.12311200
D  11
  1     120.683729  0.00004000
  2      42.646591  -0.00518100
  3      21.154405  -0.04339300
  4       9.708242  -0.12773400
  5       4.614990  -0.28207000
  6       2.243726  -0.28839000
  7       1.086491  0.16826900
  8       0.524700  0.67306200
  9       0.255752  0.09919600
 10       0.121497  -0.57061200
 11       0.054339  -0.29719700
D  11
  1     120.683729  0.00011900
  2      42.646591  -0.00795400
  3      21.154405  -0.06042500
  4       9.708242  -0.19681000
  5       4.614990  -0.40138900
  6       2.243726  -0.07218600
  7       1.086491  0.94089500
  8       0.524700  0.03586300
  9       0.255752  -1.15352900
 10       0.121497  0.43219200
 11       0.054339  0.48316100
D  1
  1       0.054339  1.00000000
D  1
  1       0.026000  1.00000000
F  1
  1       0.100815  1.00000000
F  1
  1       0.342104  1.00000000
F  1
  1       1.160895  1.00000000
F  1
  1       3.939379  1.00000000
G  1
  1       0.190079  1.00000000
G  1
  1       0.715513  1.00000000
G  1
  1       2.693396  1.00000000
H  1
  1       0.590356  1.00000000
H  1
  1       1.706513  1.00000000

MANGANESE
S  13
  1      76.008334  0.00099300
  2      39.277974  -0.01479600
  3      20.405805  0.12071000
  4      12.218680  -0.12400100
  5       7.182690  -0.32020000
  6       3.850780  -0.10562200
  7       2.142489  0.47272100
  8       1.049631  0.62038700
  9       0.508682  0.20455300
 10       0.192243  0.00592400
 11       0.108899  -0.00009700
 12       0.053425  -0.00018500
 13       0.025236  0.00006100
S  13
  1      76.008334  -0.00019900
  2      39.277974  0.00335200
  3      20.405805  -0.02941300
  4      12.218680  0.03209100
  5       7.182690  0.08315200
  6       3.850780  0.02128300
  7       2.142489  -0.12998900
  8       1.049631  -0.23900600
  9       0.508682  -0.18031500
 10       0.192243  0.11014800
 11       0.108899  0.40442600
 12       0.053425  0.51730700
 13       0.025236  0.14813900
S  13
  1      76.008334  -0.00009100
  2      39.277974  0.00537400
  3      20.405805  -0.05849400
  4      12.218680  0.05634500
  5       7.182690  0.22787400
  6       3.850780  -0.00842000
  7       2.142489  -0.32077700
  8       1.049631  -0.81313700
  9       0.508682  0.32647500
 10       0.192243  1.44754000
 11       0.108899  0.02132100
 12       0.053425  -0.67832300
 13       0.025236  -0.45282800
S  13
  1      76.008334  -0.00052600
  2      39.277974  0.01138000
  3      20.405805  -0.11603400
  4      12.218680  0.14932900
  5       7.182690  0.36015400
  6       3.850780  0.02517400
  7       2.142489  -1.17012500
  8       1.049631  -0.87212300
  9       0.508682  2.55063300
 10       0.192243  0.09034300
 11       0.108899  -2.21058800
 12       0.053425  0.47058200
 13       0.025236  0.83217500
S  13
  1      76.008334  0.00409700
  2      39.277974  -0.03635300
  3      20.405805  0.26570800
  4      12.218680  -0.48518700
  5       7.182690  -0.23228800
  6       3.850780  -0.24179800
  7       2.142489  3.38791800
  8       1.049631  -3.26857300
  9       0.508682  -0.83790100
 10       0.192243  5.26227100
 11       0.108899  -4.29984700
 12       0.053425  -0.44524000
 13       0.025236  1.29402600
S  1
  1       0.025236  1.00000000
S  1
  1       0.012000  1.00000000
P  13
  1     113.479709  0.00010300
  2      58.160819  -0.00089400
  3      30.043076  0.00884400
  4      16.753323  -0.01968500
  5      10.705604  -0.06919000
  6       5.557903  0.01150800
  7       3.080151  0.28231300
  8       1.582963  0.43867800
  9       0.810922  0.30984300
 10       0.413396  0.08394500
 11       0.195480  0.00751700
 12       0.072688  0.00110000
 13       0.035877  0.00029000
P  13
  1     113.479709  0.00001900
  2      58.160819  -0.00002400
  3      30.043076  -0.00122400
  4      16.753323  0.00232000
  5      10.705604  0.02075800
  6       5.557903  -0.01157200
  7       3.080151  -0.06291900
  8       1.582963  -0.13675400
  9       0.810922  -0.06729500
 10       0.413396  -0.03102400
 11       0.195480  0.37898100
 12       0.072688  0.50782400
 13       0.035877  0.26094100
P  13
  1     113.479709  -0.00019700
  2      58.160819  0.00135400
  3      30.043076  -0.01010200
  4      16.753323  0.03060300
  5      10.705604  0.04620000
  6       5.557903  -0.01758800
  7       3.080151  -0.39592000
  8       1.582963  -0.41909300
  9       0.810922  0.07501700
 10       0.413396  1.09298600
 11       0.195480  0.00868000
 12       0.072688  -0.75636900
 13       0.035877  -0.04514900
P  13
  1     113.479709  0.00001400
  2      58.160819  0.00042100
  3      30.043076  -0.00857300
  4      16.753323  0.03879700
  5      10.705604  0.09933800
  6       5.557903  -0.14444500
  7       3.080151  -0.82118200
  8       1.582963  -0.25078500
  9       0.810922  1.79017000
 10       0.413396  -0.39954700
 11       0.195480  -1.29438200
 12       0.072688  0.84704700
 13       0.035877  0.15171000
P  13
  1     113.479709  -0.00021400
  2      58.160819  0.00186900
  3      30.043076  -0.01439900
  4      16.753323  0.08866300
  5      10.705604  0.11611700
  6       5.557903  -0.47666500
  7       3.080151  -1.47189600
  8       1.582963  2.46363500
  9       0.810922  0.10250800
 10       0.413396  -2.77460100
 11       0.195480  2.43625400
 12       0.072688  -0.61701900
 13       0.035877  -0.32367600
P  1
  1       0.035877  1.00000000
P  1
  1       0.017000  1.00000000
D  11
  1     132.688182  0.00003000
  2      45.266024  0.00529400
  3      23.267336  0.02914300
  4      10.605694  0.07677500
  5       5.074684  0.16855100
  6       2.469857  0.25683200
  7       1.205883  0.28989100
  8       0.590569  0.25715400
  9       0.292055  0.18172600
 10       0.149190  0.08998600
 11       0.076511  0.03459500
D  11
  1     132.688182  -0.00002100
  2      45.266024  -0.00544900
  3      23.267336  -0.02903200
  4      10.605694  -0.07982500
  5       5.074684  -0.17441500
  6       2.469857  -0.25340400
  7       1.205883  -0.17430500
  8       0.590569  0.04508100
  9       0.292055  0.34576000
 10       0.149190  0.26372500
 11       0.076511  0.37171500
D  11
  1     132.688182  0.00006000
  2      45.266024  0.00838500
  3      23.267336  0.04580000
  4      10.605694  0.12921500
  5       5.074684  0.28432700
  6       2.469857  0.27076000
  7       1.205883  -0.10159100
  8       0.590569  -0.58067700
  9       0.292055  -0.18169600
 10       0.149190  0.02100300
 11       0.076511  0.72365800
D  11
  1     132.688182  -0.00003700
  2      45.266024  -0.01080900
  3      23.267336  -0.05558200
  4      10.605694  -0.17205300
  5       5.074684  -0.38188900
  6       2.469857  -0.13039900
  7       1.205883  0.81899300
  8       0.590569  0.18014500
  9       0.292055  -0.60472000
 10       0.149190  -0.73358400
 11       0.076511  1.05874100
D  1
  1       0.076511  1.00000000
D  1
  1       0.034000  1.00000000
F  1
  1       0.119783  1.00000000
F  1
  1       0.405052  1.00000000
F  1
  1       1.369701  1.00000000
F  1
  1       4.631705  1.00000000
G  1
  1       0.244611  1.00000000
G  1
  1       0.893773  1.00000000
G  1
  1       3.265719  1.00000000
H  1
  1       0.740197  1.00000000
H  1
  1       2.093484  1.00000000

IRON
S  13
  1      84.322332  0.00078500
  2      44.203528  -0.01278100
  3      23.288963  0.10463500
  4      13.385163  -0.11938500
  5       7.518052  -0.33980400
  6       4.101835  -0.04999400
  7       2.253571  0.47695500
  8       1.134924  0.59322200
  9       0.561550  0.20015100
 10       0.201961  0.00859100
 11       0.108698  -0.00218800
 12       0.053619  0.00067700
 13       0.025823  -0.00014400
S  13
  1      84.322332  -0.00016200
  2      44.203528  0.00292100
  3      23.288963  -0.02546600
  4      13.385163  0.03118200
  5       7.518052  0.08684900
  6       4.101835  0.00684600
  7       2.253571  -0.13185600
  8       1.134924  -0.22774600
  9       0.561550  -0.17307900
 10       0.201961  0.13614200
 11       0.108698  0.43401300
 12       0.053619  0.47755500
 13       0.025823  0.12880400
S  13
  1      84.322332  0.00000200
  2      44.203528  0.00410300
  3      23.288963  -0.04684000
  4      13.385163  0.05283300
  5       7.518052  0.21809400
  6       4.101835  -0.04499900
  7       2.253571  -0.28738600
  8       1.134924  -0.71322000
  9       0.561550  0.24917400
 10       0.201961  1.29987200
 11       0.108698  0.19211900
 12       0.053619  -0.65861600
 13       0.025823  -0.52104700
S  13
  1      84.322332  0.00001200
  2      44.203528  0.00759800
  3      23.288963  -0.09413300
  4      13.385163  0.12765500
  5       7.518052  0.43559800
  6       4.101835  -0.14791100
  7       2.253571  -1.08447700
  8       1.134924  -0.88700300
  9       0.561550  2.44994600
 10       0.201961  0.16797600
 11       0.108698  -2.11466800
 12       0.053619  0.45257900
 13       0.025823  0.80144400
S  13
  1      84.322332  0.00330100
  2      44.203528  -0.02919700
  3      23.288963  0.21322700
  4      13.385163  -0.40810900
  5       7.518052  -0.38565100
  6       4.101835  0.16809300
  7       2.253571  3.10252900
  8       1.134924  -3.36044600
  9       0.561550  -0.53161900
 10       0.201961  4.49398100
 11       0.108698  -3.68975000
 12       0.053619  -0.51060400
 13       0.025823  1.30102100
S  1
  1       0.025823  1.00000000
S  1
  1       0.012000  1.00000000
P  13
  1     125.092775  0.00005600
  2      65.211589  -0.00057200
  3      34.437599  0.00738800
  4      18.930704  -0.02848100
  5      10.873415  -0.06300500
  6       6.012172  0.02485500
  7       3.372205  0.27747400
  8       1.768641  0.42538600
  9       0.914516  0.31414500
 10       0.460895  0.09042200
 11       0.204490  0.00697700
 12       0.074741  0.00115400
 13       0.035671  0.00030300
P  13
  1     125.092775  0.00002500
  2      65.211589  -0.00007000
  3      34.437599  -0.00104200
  4      18.930704  0.00512700
  5      10.873415  0.01840400
  6       6.012172  -0.01469200
  7       3.372205  -0.06130700
  8       1.768641  -0.12863800
  9       0.914516  -0.07063700
 10       0.460895  -0.01631400
 11       0.204490  0.38070200
 12       0.074741  0.52307100
 13       0.035671  0.23576500
P  13
  1     125.092775  -0.00019700
  2      65.211589  0.00125100
  3      34.437599  -0.00915400
  4      18.930704  0.03820100
  5      10.873415  0.04309700
  6       6.012172  -0.02947500
  7       3.372205  -0.42699600
  8       1.768641  -0.39484000
  9       0.914516  0.07723000
 10       0.460895  1.11988100
 11       0.204490  -0.06649400
 12       0.074741  -0.72158300
 13       0.035671  -0.00569500
P  13
  1     125.092775  0.00026400
  2      65.211589  -0.00107600
  3      34.437599  -0.00259100
  4      18.930704  0.03551900
  5      10.873415  0.11955400
  6       6.012172  -0.20471400
  7       3.372205  -0.76062700
  8       1.768641  -0.26274000
  9       0.914516  1.77903000
 10       0.460895  -0.46274200
 11       0.204490  -1.24103000
 12       0.074741  0.94098700
 13       0.035671  0.08349600
P  13
  1     125.092775  -0.00008400
  2      65.211589  0.00076800
  3      34.437599  -0.00948500
  4      18.930704  0.08806200
  5      10.873415  0.15619100
  6       6.012172  -0.61916600
  7       3.372205  -1.38553400
  8       1.768641  2.49212500
  9       0.914516  0.00807600
 10       0.460895  -2.49951500
 11       0.204490  2.26557600
 12       0.074741  -0.74834200
 13       0.035671  -0.21159800
P  1
  1       0.035671  1.00000000
P  1
  1       0.017000  1.00000000
D  11
  1     152.736742  0.00002900
  2      50.772485  0.00523800
  3      26.253589  0.02932500
  4      12.137022  0.07490100
  5       5.853719  0.16341100
  6       2.856224  0.25105700
  7       1.386132  0.28760300
  8       0.670802  0.25186200
  9       0.330280  0.18673600
 10       0.170907  0.09357000
 11       0.086794  0.07381100
D  11
  1     152.736742  -0.00002600
  2      50.772485  -0.00632900
  3      26.253589  -0.03439800
  4      12.137022  -0.09176500
  5       5.853719  -0.20159200
  6       2.856224  -0.28393000
  7       1.386132  -0.16198100
  8       0.670802  0.12882200
  9       0.330280  0.36016000
 10       0.170907  0.27759200
 11       0.086794  0.26140300
D  11
  1     152.736742  0.00005100
  2      50.772485  0.00876900
  3      26.253589  0.04792100
  4      12.137022  0.13247500
  5       5.853719  0.29727900
  6       2.856224  0.27501800
  7       1.386132  -0.22284200
  8       0.670802  -0.61906700
  9       0.330280  -0.07629000
 10       0.170907  0.25605600
 11       0.086794  0.54148200
D  11
  1     152.736742  -0.00009600
  2      50.772485  -0.01214400
  3      26.253589  -0.06697100
  4      12.137022  -0.19602500
  5       5.853719  -0.46900300
  6       2.856224  0.04656000
  7       1.386132  0.98594000
  8       0.670802  -0.22043500
  9       0.330280  -0.75248200
 10       0.170907  -0.11112300
 11       0.086794  0.75310000
D  1
  1       0.086794  1.00000000
D  1
  1       0.040000  1.00000000
F  1
  1       0.144926  1.00000000
F  1
  1       0.486122  1.00000000
F  1
  1       1.630591  1.00000000
F  1
  1       5.469463  1.00000000
G  1
  1       0.307135  1.00000000
G  1
  1       1.093014  1.00000000
G  1
  1       3.889759  1.00000000
H  1
  1       0.886940  1.00000000
H  1
  1       2.480792  1.00000000

COBALT
S  13
  1      90.663831  0.00077400
  2      46.961414  -0.01131600
  3      24.110274  0.10120900
  4      14.430881  -0.08164200
  5       8.757423  -0.35481200
  6       4.484459  -0.09036200
  7       2.519739  0.49817400
  8       1.236850  0.60412300
  9       0.601882  0.19077500
 10       0.223338  0.00657800
 11       0.123422  -0.00090500
 12       0.059941  0.00017100
 13       0.027978  -0.00002500
S  13
  1      90.663831  -0.00015400
  2      46.961414  0.00252500
  3      24.110274  -0.02444300
  4      14.430881  0.02220000
  5       8.757423  0.08841600
  6       4.484459  0.01682000
  7       2.519739  -0.13458200
  8       1.236850  -0.23129500
  9       0.601882  -0.16398600
 10       0.223338  0.12133700
 11       0.123422  0.40241400
 12       0.059941  0.50611300
 13       0.027978  0.14543600
S  13
  1      90.663831  -0.00004700
  2      46.961414  0.00365400
  3      24.110274  -0.04613200
  4      14.430881  0.03648300
  5       8.757423  0.21726500
  6       4.484459  -0.01188300
  7       2.519739  -0.32468800
  8       1.236850  -0.68058100
  9       0.601882  0.25693600
 10       0.223338  1.22400500
 11       0.123422  0.23683700
 12       0.059941  -0.60406400
 13       0.027978  -0.57494700
S  13
  1      90.663831  -0.00023100
  2      46.961414  0.00753600
  3      24.110274  -0.09729800
  4      14.430881  0.11161100
  5       8.757423  0.40362100
  6       4.484459  -0.04832400
  7       2.519739  -1.15760000
  8       1.236850  -0.75683900
  9       0.601882  2.31368300
 10       0.223338  0.25307400
 11       0.123422  -1.99146600
 12       0.059941  0.16694200
 13       0.027978  0.91722100
S  13
  1      90.663831  0.00280900
  2      46.961414  -0.02445900
  3      24.110274  0.21171700
  4      14.430881  -0.38745200
  5       8.757423  -0.36690900
  6       4.484459  0.13914300
  7       2.519739  2.83452700
  8       1.236850  -2.90639800
  9       0.601882  -0.80689600
 10       0.223338  4.33605500
 11       0.123422  -2.91360700
 12       0.059941  -1.25330700
 13       0.027978  1.50957200
S  1
  1       0.027978  1.00000000
S  1
  1       0.013000  1.00000000
P  13
  1     139.038145  0.00007500
  2      71.928971  -0.00062700
  3      37.806311  0.00571900
  4      21.054252  -0.00931000
  5      12.973193  -0.08385700
  6       6.791461  0.01239400
  7       3.794018  0.28198700
  8       1.960649  0.43417900
  9       1.006283  0.31340900
 10       0.509539  0.08977800
 11       0.233091  0.00740500
 12       0.083890  0.00098000
 13       0.039802  0.00027400
P  13
  1     139.038145  0.00002500
  2      71.928971  -0.00008400
  3      37.806311  -0.00048500
  4      21.054252  0.00009500
  5      12.973193  0.02240200
  6       6.791461  -0.01153400
  7       3.794018  -0.05686600
  8       1.960649  -0.12607000
  9       1.006283  -0.06088900
 10       0.509539  -0.03508600
 11       0.233091  0.35184700
 12       0.083890  0.51044900
 13       0.039802  0.28970700
P  13
  1     139.038145  -0.00023800
  2      71.928971  0.00148900
  3      37.806311  -0.00872300
  4      21.054252  0.02453800
  5      12.973193  0.06085600
  6       6.791461  -0.02038000
  7       3.794018  -0.43019500
  8       1.960649  -0.40769200
  9       1.006283  0.08532600
 10       0.509539  1.07332600
 11       0.233091  0.01506700
 12       0.083890  -0.71963100
 13       0.039802  -0.02460300
P  13
  1     139.038145  -0.00005500
  2      71.928971  -0.00001700
  3      37.806311  0.00432000
  4      21.054252  -0.02133900
  5      12.973193  -0.12713400
  6       6.791461  0.15720800
  7       3.794018  0.79492700
  8       1.960649  0.23357400
  9       1.006283  -1.66603300
 10       0.509539  0.28271600
 11       0.233091  1.33562500
 12       0.083890  -0.88546900
 13       0.039802  -0.13034000
P  13
  1     139.038145  0.00005200
  2      71.928971  0.00014400
  3      37.806311  -0.00506500
  4      21.054252  0.05166200
  5      12.973193  0.20930600
  6       6.791461  -0.63605200
  7       3.794018  -1.33476100
  8       1.960649  2.33740900
  9       1.006283  0.19062400
 10       0.509539  -2.65784100
 11       0.233091  2.26444400
 12       0.083890  -0.61258400
 13       0.039802  -0.27662000
P  1
  1       0.039802  1.00000000
P  1
  1       0.019000  1.00000000
D  11
  1     160.444504  0.00003400
  2      52.598830  0.00655300
  3      27.491581  0.03618500
  4      12.745988  0.08302600
  5       6.184310  0.17696000
  6       3.029146  0.26399000
  7       1.474099  0.29244700
  8       0.714391  0.24959700
  9       0.348520  0.17163700
 10       0.174166  0.08064900
 11       0.087891  0.04121200
D  11
  1     160.444504  -0.00003100
  2      52.598830  -0.00786900
  3      27.491581  -0.04199200
  4      12.745988  -0.10138800
  5       6.184310  -0.21699600
  6       3.029146  -0.28396200
  7       1.474099  -0.12717900
  8       0.714391  0.17712500
  9       0.348520  0.37559600
 10       0.174166  0.28463100
 11       0.087891  0.20027700
D  11
  1     160.444504  0.00004800
  2      52.598830  0.01053100
  3      27.491581  0.05555900
  4      12.745988  0.14075800
  5       6.184310  0.30578500
  6       3.029146  0.24281200
  7       1.474099  -0.28504400
  8       0.714391  -0.59481900
  9       0.348520  -0.01793700
 10       0.174166  0.34815000
 11       0.087891  0.45517000
D  11
  1     160.444504  -0.00007000
  2      52.598830  -0.01526900
  3      27.491581  -0.07877000
  4      12.745988  -0.21855600
  5       6.184310  -0.47927100
  6       3.029146  0.17362300
  7       1.474099  0.95417300
  8       0.714391  -0.34849000
  9       0.348520  -0.73737100
 10       0.174166  0.07194100
 11       0.087891  0.64488200
D  1
  1       0.087891  1.00000000
D  1
  1       0.043000  1.00000000
F  1
  1       0.173088  1.00000000
F  1
  1       0.574342  1.00000000
F  1
  1       1.905783  1.00000000
F  1
  1       6.323772  1.00000000
G  1
  1       0.375999  1.00000000
G  1
  1       1.312433  1.00000000
G  1
  1       4.581075  1.00000000
H  1
  1       1.061794  1.00000000
H  1
  1       2.901601  1.00000000

NICKEL
S  13
  1      97.161835  0.00070900
  2      51.187866  -0.01239900
  3      26.996725  0.10722000
  4      15.523536  -0.12455600
  5       8.916168  -0.35102300
  6       4.795806  -0.02575800
  7       2.619926  0.49894800
  8       1.330111  0.56898600
  9       0.668901  0.19112100
 10       0.230439  0.01027800
 11       0.121518  -0.00362700
 12       0.057951  0.00129500
 13       0.027201  -0.00030700
S  13
  1      97.161835  -0.00014000
  2      51.187866  0.00275600
  3      26.996725  -0.02548200
  4      15.523536  0.03218200
  5       8.916168  0.08622600
  6       4.795806  0.00110400
  7       2.619926  -0.13579000
  8       1.330111  -0.21572400
  9       0.668901  -0.15836700
 10       0.230439  0.14349900
 11       0.121518  0.44367200
 12       0.057951  0.47255800
 13       0.027201  0.11017300
S  13
  1      97.161835  0.00012100
  2      51.187866  0.00332200
  3      26.996725  -0.04578500
  4      15.523536  0.05341500
  5       8.916168  0.22227000
  6       4.795806  -0.07306500
  7       2.619926  -0.29399800
  8       1.330111  -0.66893800
  9       0.668901  0.29750400
 10       0.230439  1.23374800
 11       0.121518  0.12931700
 12       0.057951  -0.60340700
 13       0.027201  -0.53306200
S  13
  1      97.161835  0.00043400
  2      51.187866  0.00484800
  3      26.996725  -0.08781800
  4      15.523536  0.12185200
  5       8.916168  0.45421800
  6       4.795806  -0.24576500
  7       2.619926  -0.99734500
  8       1.330111  -0.83458600
  9       0.668901  2.28567500
 10       0.230439  0.25153800
 11       0.121518  -1.98879600
 12       0.057951  0.34760200
 13       0.027201  0.82415000
S  13
  1      97.161835  0.00246100
  2      51.187866  -0.02346000
  3      26.996725  0.19859000
  4      15.523536  -0.40252500
  5       8.916168  -0.40556800
  6       4.795806  0.38789300
  7       2.619926  2.68467900
  8       1.330111  -2.95595600
  9       0.668901  -0.66746700
 10       0.230439  4.09407400
 11       0.121518  -3.10335500
 12       0.057951  -0.76872800
 13       0.027201  1.33121700
S  1
  1       0.027201  1.00000000
S  1
  1       0.013000  1.00000000
P  13
  1     148.087630  0.00005500
  2      77.452187  -0.00054800
  3      40.915636  0.00697900
  4      22.575667  -0.02365800
  5      13.218268  -0.07568200
  6       7.232093  0.02725300
  7       4.054870  0.28477800
  8       2.122089  0.42763200
  9       1.092769  0.30993700
 10       0.548240  0.08853500
 11       0.238886  0.00642700
 12       0.084667  0.00070800
 13       0.038921  0.00018600
P  13
  1     148.087630  0.00002700
  2      77.452187  -0.00008800
  3      40.915636  -0.00077300
  4      22.575667  0.00334500
  5      13.218268  0.01940500
  6       7.232093  -0.01428800
  7       4.054870  -0.05452700
  8       2.122089  -0.11645400
  9       1.092769  -0.06023600
 10       0.548240  -0.02392800
 11       0.238886  0.34786900
 12       0.084667  0.52262600
 13       0.038921  0.27647100
P  13
  1     148.087630  -0.00023700
  2      77.452187  0.00145600
  3      40.915636  -0.00974500
  4      22.575667  0.03779900
  5      13.218268  0.05252100
  6       7.232093  -0.03500600
  7       4.054870  -0.45557700
  8       2.122089  -0.36830600
  9       1.092769  0.10039200
 10       0.548240  1.07665200
 11       0.238886  -0.04532600
 12       0.084667  -0.70318600
 13       0.038921  0.00458000
P  13
  1     148.087630  -0.00026000
  2      77.452187  0.00107100
  3      40.915636  0.00232200
  4      22.575667  -0.03214000
  5      13.218268  -0.13413600
  6       7.232093  0.22906200
  7       4.054870  0.75223900
  8       2.122089  0.20553500
  9       1.092769  -1.69291000
 10       0.548240  0.43629500
 11       0.238886  1.21951400
 12       0.084667  -0.94551600
 13       0.038921  -0.06223200
P  13
  1     148.087630  0.00008000
  2      77.452187  -0.00010100
  3      40.915636  -0.00649200
  4      22.575667  0.08312900
  5      13.218268  0.19539300
  6       7.232093  -0.76580600
  7       4.054870  -1.20601700
  8       2.122089  2.42444400
  9       1.092769  -0.07938700
 10       0.548240  -2.32544900
 11       0.238886  2.12913300
 12       0.084667  -0.73358500
 13       0.038921  -0.18044400
P  1
  1       0.038921  1.00000000
P  1
  1       0.019000  1.00000000
D  11
  1     177.900125  0.00004900
  2      57.372112  0.00751900
  3      29.881432  0.03645500
  4      13.971757  0.08690100
  5       6.841152  0.18056800
  6       3.379983  0.26818700
  7       1.651827  0.29675600
  8       0.799251  0.25155800
  9       0.388057  0.16231900
 10       0.191191  0.07211900
 11       0.093358  0.02368900
D  11
  1     177.900125  -0.00005300
  2      57.372112  -0.00885000
  3      29.881432  -0.04191600
  4      13.971757  -0.10469100
  5       6.841152  -0.21946400
  6       3.379983  -0.28371200
  7       1.651827  -0.12212700
  8       0.799251  0.19012300
  9       0.388057  0.37659800
 10       0.191191  0.29512200
 11       0.093358  0.17825200
D  11
  1     177.900125  0.00007900
  2      57.372112  0.01144200
  3      29.881432  0.05397200
  4      13.971757  0.14106800
  5       6.841152  0.30229400
  6       3.379983  0.23655800
  7       1.651827  -0.29131100
  8       0.799251  -0.58175800
  9       0.388057  -0.02406300
 10       0.191191  0.38938700
 11       0.093358  0.43083300
D  11
  1     177.900125  -0.00012400
  2      57.372112  -0.01660200
  3      29.881432  -0.07753300
  4      13.971757  -0.22182600
  5       6.841152  -0.48165800
  6       3.379983  0.18244700
  7       1.651827  0.94562600
  8       0.799251  -0.33424100
  9       0.388057  -0.76116400
 10       0.191191  0.13681600
 11       0.093358  0.60078500
D  1
  1       0.093358  1.00000000
D  1
  1       0.045000  1.00000000
F  1
  1       0.199600  1.00000000
F  1
  1       0.659980  1.00000000
F  1
  1       2.182234  1.00000000
F  1
  1       7.215589  1.00000000
G  1
  1       0.453559  1.00000000
G  1
  1       1.549000  1.00000000
G  1
  1       5.290163  1.00000000
H  1
  1       1.243132  1.00000000
H  1
  1       3.361535  1.00000000

COPPER
S  13
  1     104.471138  0.00074100
  2      55.955221  -0.01395300
  3      30.553953  0.10526600
  4      16.942394  -0.12939900
  5       9.452707  -0.36273800
  6       5.174537  0.01326600
  7       2.779171  0.48928800
  8       1.441817  0.56208800
  9       0.710674  0.19004700
 10       0.241540  0.00563500
 11       0.129621  -0.00058200
 12       0.059229  -0.00002400
 13       0.027110  0.00003000
S  13
  1     104.471138  -0.00013300
  2      55.955221  0.00299900
  3      30.553953  -0.02431000
  4      16.942394  0.03198600
  5       9.452707  0.08914900
  6       5.174537  -0.01075000
  7       2.779171  -0.12822400
  8       1.441817  -0.21572000
  9       0.710674  -0.14955900
 10       0.241540  0.14291700
 11       0.129621  0.44630700
 12       0.059229  0.48464300
 13       0.027110  0.09306900
S  13
  1     104.471138  0.00021000
  2      55.955221  0.00380600
  3      30.553953  -0.04731200
  4      16.942394  0.05995700
  5       9.452707  0.25064200
  6       5.174537  -0.11910200
  7       2.779171  -0.31406900
  8       1.441817  -0.68930000
  9       0.710674  0.40305000
 10       0.241540  1.27044000
 11       0.129621  -0.02902900
 12       0.059229  -0.62215700
 13       0.027110  -0.44207400
S  13
  1     104.471138  0.00036600
  2      55.955221  0.00672000
  3      30.553953  -0.09149300
  4      16.942394  0.14226300
  5       9.452707  0.47188100
  6       5.174537  -0.31970800
  7       2.779171  -1.06825500
  8       1.441817  -0.61504900
  9       0.710674  2.26128200
 10       0.241540  -0.02005900
 11       0.129621  -1.81574600
 12       0.059229  0.47417400
 13       0.027110  0.71359700
S  13
  1     104.471138  0.00267900
  2      55.955221  -0.02626700
  3      30.553953  0.19212900
  4      16.942394  -0.40421800
  5       9.452707  -0.43460200
  6       5.174537  0.55567400
  7       2.779171  2.61821100
  8       1.441817  -3.20734300
  9       0.710674  -0.33054500
 10       0.241540  4.04196600
 11       0.129621  -3.35549700
 12       0.059229  -0.48399100
 13       0.027110  1.21366400
S  1
  1       0.027110  1.00000000
S  1
  1       0.013000  1.00000000
P  13
  1     159.152840  0.00002600
  2      83.322776  -0.00040200
  3      44.840311  0.00740500
  4      25.020360  -0.03071400
  5      13.610016  -0.07434800
  6       7.761318  0.04343000
  7       4.303947  0.28970300
  8       2.290080  0.41346700
  9       1.202173  0.30376200
 10       0.607647  0.09349400
 11       0.257656  0.00666300
 12       0.090897  0.00056700
 13       0.041925  0.00017600
P  13
  1     159.152840  0.00003400
  2      83.322776  -0.00012900
  3      44.840311  -0.00080200
  4      25.020360  0.00474700
  5      13.610016  0.01859500
  6       7.761318  -0.01769200
  7       4.303947  -0.05261400
  8       2.290080  -0.11034900
  9       1.202173  -0.05470100
 10       0.607647  -0.02665500
 11       0.257656  0.33588000
 12       0.090897  0.50947800
 13       0.041925  0.30255900
P  13
  1     159.152840  -0.00022800
  2      83.322776  0.00141400
  3      44.840311  -0.01029000
  4      25.020360  0.04389600
  5      13.610016  0.05286500
  6       7.761318  -0.05656500
  7       4.303947  -0.48071500
  8       2.290080  -0.31598400
  9       1.202173  0.07567900
 10       0.607647  1.06074700
 11       0.257656  -0.00806100
 12       0.090897  -0.70160100
 13       0.041925  0.00694100
P  13
  1     159.152840  -0.00041200
  2      83.322776  0.00195700
  3      44.840311  0.00064000
  4      25.020360  -0.03675300
  5      13.610016  -0.14719300
  6       7.761318  0.29778200
  7       4.303947  0.70527100
  8       2.290080  0.19646600
  9       1.202173  -1.65940600
 10       0.607647  0.39150000
 11       0.257656  1.24328400
 12       0.090897  -0.95752900
 13       0.041925  -0.05609100
P  13
  1     159.152840  0.00032900
  2      83.322776  -0.00156500
  3      44.840311  -0.00336900
  4      25.020360  0.08790300
  5      13.610016  0.22132700
  6       7.761318  -0.92400600
  7       4.303947  -1.00731600
  8       2.290080  2.32431200
  9       1.202173  0.00119100
 10       0.607647  -2.32974500
 11       0.257656  2.05959900
 12       0.090897  -0.70662000
 13       0.041925  -0.18479700
P  1
  1       0.041925  1.00000000
P  1
  1       0.020000  1.00000000
D  11
  1     226.693527  0.00001500
  2      73.010278  0.00410800
  3      38.536518  0.02822300
  4      18.726700  0.06932300
  5       9.155485  0.15604500
  6       4.540884  0.25123800
  7       2.241175  0.29746300
  8       1.085869  0.27498100
  9       0.510612  0.19309800
 10       0.229608  0.08639300
 11       0.095781  0.01464500
D  11
  1     226.693527  -0.00001300
  2      73.010278  -0.00525200
  3      38.536518  -0.03498200
  4      18.726700  -0.08895000
  5       9.155485  -0.20719400
  6       4.540884  -0.30259700
  7       2.241175  -0.17932700
  8       1.085869  0.16906900
  9       0.510612  0.40590400
 10       0.229608  0.34187100
 11       0.095781  0.11708000
D  11
  1     226.693527  0.00001600
  2      73.010278  0.00615700
  3      38.536518  0.04036100
  4      18.726700  0.10603800
  5       9.155485  0.26329900
  6       4.540884  0.28849600
  7       2.241175  -0.18674500
  8       1.085869  -0.59153900
  9       0.510612  -0.13868100
 10       0.229608  0.54774900
 11       0.095781  0.36235300
D  11
  1     226.693527  -0.00007200
  2      73.010278  -0.00870300
  3      38.536518  -0.06059400
  4      18.726700  -0.16022100
  5       9.155485  -0.45749500
  6       4.540884  -0.08760700
  7       2.241175  0.95305600
  8       1.085869  0.02518500
  9       0.510612  -0.98463700
 10       0.229608  0.25844200
 11       0.095781  0.52511300
D  1
  1       0.095781  1.00000000
D  1
  1       0.045000  1.00000000
F  1
  1       0.236517  1.00000000
F  1
  1       0.771365  1.00000000
F  1
  1       2.515691  1.00000000
F  1
  1       8.204550  1.00000000
G  1
  1       0.527388  1.00000000
G  1
  1       1.798933  1.00000000
G  1
  1       6.136209  1.00000000
H  1
  1       1.443462  1.00000000
H  1
  1       3.867803  1.00000000

ZINC
S  13
  1     114.485022  0.00042900
  2      61.996430  -0.01933900
  3      40.117132  0.08625400
  4      20.119649  -0.08895500
  5      10.171676  -0.40267100
  6       5.601641  0.06730400
  7       2.864122  0.47921500
  8       1.592779  0.50396000
  9       0.826525  0.22208800
 10       0.263975  0.01220300
 11       0.145302  -0.00430000
 12       0.068195  0.00124300
 13       0.031465  -0.00026700
S  13
  1     114.485022  -0.00010900
  2      61.996430  0.00445900
  3      40.117132  -0.02006700
  4      20.119649  0.02233800
  5      10.171676  0.09669800
  6       5.601641  -0.02196600
  7       2.864122  -0.12876800
  8       1.592779  -0.18170600
  9       0.826525  -0.16231100
 10       0.263975  0.11626400
 11       0.145302  0.41131400
 12       0.068195  0.49425700
 13       0.031465  0.13810300
S  13
  1     114.485022  0.00066600
  2      61.996430  0.00626900
  3      40.117132  -0.04660300
  4      20.119649  0.05039900
  5      10.171676  0.36349300
  6       5.601641  -0.24284000
  7       2.864122  -0.38228100
  8       1.592779  -0.86156700
  9       0.826525  0.70607700
 10       0.263975  1.49500100
 11       0.145302  -0.45399400
 12       0.068195  -0.59782200
 13       0.031465  -0.25611700
S  13
  1     114.485022  0.00070400
  2      61.996430  0.01284100
  3      40.117132  -0.08591000
  4      20.119649  0.11798200
  5      10.171676  0.63016400
  6       5.601641  -0.60034400
  7       2.864122  -1.24906000
  8       1.592779  -0.32949800
  9       0.826525  2.59246900
 10       0.263975  -1.00448100
 11       0.145302  -1.37951400
 12       0.068195  1.04684200
 13       0.031465  0.32467600
S  13
  1     114.485022  0.00561400
  2      61.996430  -0.06659000
  3      40.117132  0.24276300
  4      20.119649  -0.43396800
  5      10.171676  -0.79971200
  6       5.601641  1.54215100
  7       2.864122  3.08029900
  8       1.592779  -6.19825000
  9       0.826525  2.58176600
 10       0.263975  3.21198800
 11       0.145302  -4.76745700
 12       0.068195  1.67656100
 13       0.031465  0.27090900
S  1
  1       0.031465  1.00000000
S  1
  1       0.015000  1.00000000
P  13
  1     158.770986  -0.00015300
  2      75.802876  0.00189300
  3      44.547824  0.01046100
  4      31.445269  -0.04514100
  5      13.080125  -0.08420100
  6       7.788616  0.10497300
  7       4.195040  0.30771400
  8       2.362276  0.36856300
  9       1.302584  0.28633600
 10       0.660704  0.09515600
 11       0.249042  0.00585100
 12       0.091781  -0.00003400
 13       0.048931  0.00025200
P  13
  1     158.770986  0.00005300
  2      75.802876  -0.00057100
  3      44.547824  -0.00107300
  4      31.445269  0.00746300
  5      13.080125  0.01867600
  6       7.788616  -0.02809000
  7       4.195040  -0.05443800
  8       2.362276  -0.09374400
  9       1.302584  -0.05416900
 10       0.660704  -0.00797200
 11       0.249042  0.35619800
 12       0.091781  0.41239900
 13       0.048931  0.36132100
P  13
  1     158.770986  -0.00017000
  2      75.802876  0.00060400
  3      44.547824  -0.01998700
  4      31.445269  0.06115300
  5      13.080125  0.06731700
  6       7.788616  -0.13921100
  7       4.195040  -0.52704100
  8       2.362276  -0.17619400
  9       1.302584  0.03712900
 10       0.660704  1.07932200
 11       0.249042  -0.05014900
 12       0.091781  -0.68897100
 13       0.048931  0.03733100
P  13
  1     158.770986  -0.00078100
  2      75.802876  0.00785500
  3      44.547824  -0.00867100
  4      31.445269  -0.04055300
  5      13.080125  -0.20006200
  6       7.788616  0.52859900
  7       4.195040  0.52855200
  8       2.362276  0.24357600
  9       1.302584  -1.80718200
 10       0.660704  0.62949600
 11       0.249042  1.13761300
 12       0.091781  -1.06715000
 13       0.048931  0.02219000
P  13
  1     158.770986  -0.00030400
  2      75.802876  0.00006000
  3      44.547824  -0.03693100
  4      31.445269  0.14601900
  5      13.080125  0.22210400
  6       7.788616  -1.20631000
  7       4.195040  -0.64408400
  8       2.362276  2.39813600
  9       1.302584  -0.30444100
 10       0.660704  -1.96089400
 11       0.249042  1.89540000
 12       0.091781  -0.82157700
 13       0.048931  -0.13247100
P  1
  1       0.048931  1.00000000
P  1
  1       0.024000  1.00000000
D  11
  1     270.014061  -0.00001600
  2     100.161579  0.00069600
  3      43.530609  0.01353600
  4      21.262419  0.06935000
  5      10.577821  0.14955900
  6       5.343620  0.23958800
  7       2.704857  0.28674400
  8       1.353018  0.27145900
  9       0.660873  0.20242600
 10       0.309149  0.10330700
 11       0.133879  0.02321100
D  11
  1     270.014061  0.00001300
  2     100.161579  -0.00088900
  3      43.530609  -0.01864000
  4      21.262419  -0.09464600
  5      10.577821  -0.21565900
  6       5.343620  -0.32246900
  7       2.704857  -0.19752900
  8       1.353018  0.16444800
  9       0.660873  0.41001700
 10       0.309149  0.32783800
 11       0.133879  0.10574900
D  11
  1     270.014061  0.00000700
  2     100.161579  0.00086800
  3      43.530609  0.02163100
  4      21.262419  0.10774800
  5      10.577821  0.27899700
  6       5.343620  0.31454300
  7       2.704857  -0.24192600
  8       1.353018  -0.60241500
  9       0.660873  -0.11801300
 10       0.309149  0.54548200
 11       0.133879  0.36382900
D  11
  1     270.014061  -0.00008800
  2     100.161579  -0.00067400
  3      43.530609  -0.03072600
  4      21.262419  -0.14321800
  5      10.577821  -0.44533000
  6       5.343620  -0.13669300
  7       2.704857  0.92782300
  8       1.353018  0.14320400
  9       0.660873  -1.06020200
 10       0.309149  0.16045200
 11       0.133879  0.65854200
D  1
  1       0.133879  1.00000000
D  1
  1       0.060000  1.00000000
F  1
  1       0.271994  1.00000000
F  1
  1       0.881237  1.00000000
F  1
  1       2.855136  1.00000000
F  1
  1       9.250405  1.00000000
G  1
  1       0.622986  1.00000000
G  1
  1       2.097503  1.00000000
G  1
  1       7.061991  1.00000000
H  1
  1       1.655939  1.00000000
H  1
  1       4.405055  1.00000000

GALLIUM
S  9
  1      31.011369  -0.00004600
  2      13.757663  0.00020700
  3       6.103352  -0.00828200
  4       2.707648  0.08572200
  5       1.201202  -0.35069900
  6       0.532893  0.00456700
  7       0.236409  0.45296800
  8       0.104879  0.55818700
  9       0.046528  0.16331900
P  9
  1      15.391968  -0.00012000
  2       6.919798  -0.00020200
  3       3.110948  0.00885300
  4       1.398595  -0.07370800
  5       0.628769  0.02826000
  6       0.282677  0.22146300
  7       0.127084  0.41332000
  8       0.057133  0.38568600
  9       0.025686  0.11229200
S  1
  1       0.382198  1.00000000
S  1
  1       0.155250  1.00000000
S  1
  1       0.063063  1.00000000
S  1
  1       0.025225  1.00000000
P  1
  1       0.303209  1.00000000
P  1
  1       0.113225  1.00000000
P  1
  1       0.042281  1.00000000
P  1
  1       0.016912  1.00000000
D  1
  1       0.373226  1.00000000
D  1
  1       0.173594  1.00000000
D  1
  1       0.080742  1.00000000
D  1
  1       0.032297  1.00000000
F  1
  1       0.450135  1.00000000
F  1
  1       0.175748  1.00000000
F  1
  1       0.070299  1.00000000
G  1
  1       0.406448  1.00000000
G  1
  1       0.162579  1.00000000

GERMANIUM
S  9
  1      46.470485  -0.00022900
  2      20.357328  0.00157400
  3       8.917936  -0.01134500
  4       3.906681  0.09897200
  5       1.711400  -0.33154500
  6       0.749713  -0.09480900
  7       0.328427  0.43893300
  8       0.143874  0.59677700
  9       0.063027  0.18625100
P  9
  1      22.641155  0.00005200
  2      10.174686  -0.00067500
  3       4.572392  0.01127600
  4       2.054783  -0.07462800
  5       0.923397  -0.01207000
  6       0.414964  0.21691900
  7       0.186480  0.43873500
  8       0.083802  0.38512600
  9       0.037660  0.10807400
S  1
  1       0.472336  1.00000000
S  1
  1       0.198545  1.00000000
S  1
  1       0.083458  1.00000000
S  1
  1       0.033383  1.00000000
P  1
  1       0.435049  1.00000000
P  1
  1       0.164783  1.00000000
P  1
  1       0.062415  1.00000000
P  1
  1       0.024966  1.00000000
D  1
  1       0.505266  1.00000000
D  1
  1       0.230692  1.00000000
D  1
  1       0.105328  1.00000000
D  1
  1       0.042131  1.00000000
F  1
  1       0.554284  1.00000000
F  1
  1       0.221254  1.00000000
F  1
  1       0.088502  1.00000000
G  1
  1       0.480349  1.00000000
G  1
  1       0.192140  1.00000000

ARSENIC
S  9
  1      50.230536  -0.00053800
  2      22.441775  0.00366000
  3      10.026436  -0.02399200
  4       4.479567  0.15807600
  5       2.001361  -0.41934600
  6       0.894159  -0.10051900
  7       0.399488  0.45002000
  8       0.178482  0.60510400
  9       0.079741  0.19000900
P  9
  1      22.695464  0.00032200
  2      10.529662  -0.00312000
  3       4.885284  0.02984900
  4       2.266549  -0.12788200
  5       1.051576  -0.00446100
  6       0.487883  0.24866600
  7       0.226356  0.45708300
  8       0.105019  0.35148300
  9       0.048724  0.09163600
S  1
  1       0.530586  1.00000000
S  1
  1       0.234584  1.00000000
S  1
  1       0.103715  1.00000000
S  1
  1       0.041486  1.00000000
P  1
  1       0.550578  1.00000000
P  1
  1       0.212539  1.00000000
P  1
  1       0.082046  1.00000000
P  1
  1       0.032818  1.00000000
D  1
  1       1.374619  1.00000000
D  1
  1       0.506785  1.00000000
D  1
  1       0.186838  1.00000000
D  1
  1       0.074735  1.00000000
F  1
  1       0.642896  1.00000000
F  1
  1       0.261483  1.00000000
F  1
  1       0.104593  1.00000000
G  1
  1       0.561801  1.00000000
G  1
  1       0.224720  1.00000000

SELENIUM
S  9
  1      53.235856  -0.00017300
  2      24.069480  0.00151800
  3      10.882513  -0.01538400
  4       4.920301  0.13681600
  5       2.224611  -0.39461000
  6       1.005811  -0.13955900
  7       0.454757  0.50733100
  8       0.205609  0.58687500
  9       0.092962  0.17717000
P  9
  1      25.056177  -0.00015300
  2      11.673683  0.00033200
  3       5.438773  0.01417500
  4       2.533927  -0.10389300
  5       1.180557  -0.00813400
  6       0.550022  0.28490400
  7       0.256256  0.42743700
  8       0.119390  0.33406600
  9       0.055624  0.11234000
S  1
  1       0.635024  1.00000000
S  1
  1       0.280784  1.00000000
S  1
  1       0.124152  1.00000000
S  1
  1       0.049661  1.00000000
P  1
  1       0.623700  1.00000000
P  1
  1       0.231660  1.00000000
P  1
  1       0.086045  1.00000000
P  1
  1       0.034418  1.00000000
D  1
  1       1.309673  1.00000000
D  1
  1       0.519002  1.00000000
D  1
  1       0.205672  1.00000000
D  1
  1       0.082269  1.00000000
F  1
  1       0.720580  1.00000000
F  1
  1       0.288011  1.00000000
F  1
  1       0.115204  1.00000000
G  1
  1       0.591247  1.00000000
G  1
  1       0.236499  1.00000000

BROMINE
S  9
  1      60.457695  -0.00045200
  2      27.422852  0.00337200
  3      12.438662  -0.02504500
  4       5.642021  0.17010100
  5       2.559150  -0.43099200
  6       1.160798  -0.15435800
  7       0.526524  0.52545800
  8       0.238824  0.59273500
  9       0.108328  0.16949000
P  9
  1      27.437987  0.00008700
  2      12.887440  -0.00179700
  3       6.053145  0.02715000
  4       2.843122  -0.13414300
  5       1.335395  -0.00623400
  6       0.627226  0.30955100
  7       0.294604  0.44028500
  8       0.138374  0.31675000
  9       0.064993  0.09253300
S  1
  1       0.716355  1.00000000
S  1
  1       0.328206  1.00000000
S  1
  1       0.150371  1.00000000
S  1
  1       0.060148  1.00000000
P  1
  1       0.750243  1.00000000
P  1
  1       0.285597  1.00000000
P  1
  1       0.108719  1.00000000
P  1
  1       0.043488  1.00000000
D  1
  1       1.865751  1.00000000
D  1
  1       0.698782  1.00000000
D  1
  1       0.261716  1.00000000
D  1
  1       0.104686  1.00000000
F  1
  1       0.852676  1.00000000
F  1
  1       0.345036  1.00000000
F  1
  1       0.138014  1.00000000
G  1
  1       0.673499  1.00000000
G  1
  1       0.269400  1.00000000

KRYPTON
S  9
  1      59.995647  -0.00020300
  2      27.757709  0.00179400
  3      12.842438  -0.01925200
  4       5.941709  0.17119400
  5       2.749003  -0.47784700
  6       1.271859  -0.11968600
  7       0.588441  0.56843400
  8       0.272249  0.56402800
  9       0.125959  0.15760800
P  9
  1      24.020781  0.00010600
  2      11.612963  -0.00089200
  3       5.614344  0.02038000
  4       2.714282  -0.15516000
  5       1.312233  0.05764300
  6       0.634405  0.35555900
  7       0.306706  0.42666700
  8       0.148279  0.27115100
  9       0.071686  0.06768000
S  1
  1       0.812154  1.00000000
S  1
  1       0.376882  1.00000000
S  1
  1       0.174893  1.00000000
S  1
  1       0.069957  1.00000000
P  1
  1       0.907972  1.00000000
P  1
  1       0.346506  1.00000000
P  1
  1       0.132236  1.00000000
P  1
  1       0.052894  1.00000000
D  1
  1       0.795395  1.00000000
D  1
  1       0.430905  1.00000000
D  1
  1       0.233442  1.00000000
D  1
  1       0.093377  1.00000000
F  1
  1       1.016655  1.00000000
F  1
  1       0.438099  1.00000000
F  1
  1       0.175240  1.00000000
G  1
  1       0.769765  1.00000000
G  1
  1       0.307906  1.00000000

SODIUM
S  10
  1      22.091548  -0.00006400
  2       9.660603  0.00045200
  3       4.224568  -0.00261600
  4       1.847398  0.02430900
  5       0.807864  -0.09998900
  6       0.353278  -0.10980100
  7       0.154488  0.03299300
  8       0.067557  0.37763000
  9       0.029543  0.40045900
 10       0.012919  0.07245300
S  1
  1       0.010732  1.00000000
S  1
  1       0.021902  1.00000000
S  1
  1       0.044699  1.00000000
S  1
  1       0.091224  1.00000000
P  10
  1       9.294210  0.00001100
  2       4.233556  -0.00008100
  3       1.928405  0.00095500
  4       0.878398  -0.00627800
  5       0.400114  -0.00916500
  6       0.182254  0.01121400
  7       0.083018  0.06407600
  8       0.037815  0.02733600
  9       0.017225  0.02760300
 10       0.007846  -0.00537400
P  1
  1       0.009547  1.00000000
P  1
  1       0.022245  1.00000000
P  1
  1       0.051828  1.00000000
P  1
  1       0.120755  1.00000000
D  1
  1       0.029496  1.00000000
D  1
  1       0.052397  1.00000000
D  1
  1       0.093077  1.00000000
D  1
  1       0.165341  1.00000000
F  1
  1       0.056011  1.00000000
F  1
  1       0.103375  1.00000000
F  1
  1       0.190793  1.00000000
G  1
  1       0.069310  1.00000000
G  1
  1       0.173274  1.00000000

MAGNESIUM
S  10
  1      51.711283  0.00001300
  2      22.892200  -0.00007900
  3      10.134207  0.00038800
  4       4.486338  -0.00555700
  5       1.986068  0.04709800
  6       0.879218  -0.18005200
  7       0.389223  -0.07386000
  8       0.172306  0.23765800
  9       0.076279  0.58477700
 10       0.033768  0.23422500
S  1
  1       0.033077  1.00000000
S  1
  1       0.073113  1.00000000
S  1
  1       0.161610  1.00000000
S  1
  1       0.357224  1.00000000
P  10
  1      13.152061  0.00001800
  2       6.979476  -0.00004700
  3       3.703836  0.00057800
  4       1.965535  0.00074300
  5       1.043061  -0.00069400
  6       0.553527  -0.00734300
  7       0.293743  0.01552600
  8       0.155882  -0.00661900
  9       0.082723  0.07163400
 10       0.043899  -0.01927600
P  1
  1       0.016982  1.00000000
P  1
  1       0.036270  1.00000000
P  1
  1       0.077463  1.00000000
P  1
  1       0.165441  1.00000000
D  1
  1       0.054472  1.00000000
D  1
  1       0.101651  1.00000000
D  1
  1       0.189695  1.00000000
D  1
  1       0.353995  1.00000000
F  1
  1       0.107871  1.00000000
F  1
  1       0.213707  1.00000000
F  1
  1       0.423382  1.00000000
G  1
  1       0.133430  1.00000000
G  1
  1       0.333120  1.00000000

$END
