ALUMINUM
S   11
  1 3269000.0000000             0.0000021        
  2 489400.0000000              0.0000166        
  3 111400.0000000              0.0000875        
  4  31560.0000000              0.0003690        
  5  10320.0000000              0.0013390        
  6   3731.0000000              0.0043564        
  7   1456.0000000              0.0128955        
  8    604.1000000              0.0348201        
  9    263.5000000              0.0843530        
 10    119.8000000              0.1759070        
 11     56.3200000              0.2920910        
S   11
  1 3269000.0000000            -0.0000006        
  2 489400.0000000             -0.0000043        
  3 111400.0000000             -0.0000227        
  4  31560.0000000             -0.0000960        
  5  10320.0000000             -0.0003484        
  6   3731.0000000             -0.0011384        
  7   1456.0000000             -0.0033874        
  8    604.1000000             -0.0093151        
  9    263.5000000             -0.0233023        
 10    119.8000000             -0.0523486        
 11     56.3200000             -0.0999499        
S   1
  1     27.1900000              1.0000000        
S   1
  1     13.2600000              1.0000000        
S   1
  1      6.0520000              1.0000000        
S   1
  1      2.9810000              1.0000000        
S   1
  1      1.4760000              1.0000000        
S   1
  1      0.7334000              1.0000000        
S   1
  1      0.2447000              1.0000000        
S   1
  1      0.1088000              1.0000000        
S   1
  1      0.0467200              1.0000000        
S   1
  1      0.0177000              1.0000000        
P   3
  1   1461.0000000              0.0002086        
  2    346.2000000              0.0018101        
  3    112.2000000              0.0097343        
P   1
  1     42.5100000              1.0000000        
P   1
  1     17.7200000              1.0000000        
P   1
  1      7.8520000              1.0000000        
P   1
  1      3.5710000              1.0000000        
P   1
  1      1.6370000              1.0000000        
P   1
  1      0.7382000              1.0000000        
P   1
  1      0.2577000              1.0000000        
P   1
  1      0.0977300              1.0000000        
P   1
  1      0.0369000              1.0000000        
P   1
  1      0.0115000              1.0000000        
D   1
  1      1.3170000              1.0000000        
D   1
  1      0.5260000              1.0000000        
D   1
  1      0.2100000              1.0000000        
D   1
  1      0.0840000              1.0000000        
D   1
  1     30.2400000              1.0000000        
D   1
  1     14.2490000              1.0000000        
D   1
  1      6.7142000              1.0000000        
D   1
  1      3.1630000              1.0000000        
D   1
  1      0.0294000              1.0000000        
F   1
  1      0.1300000              1.0000000        
F   1
  1      0.2580000              1.0000000        
F   1
  1      0.5130000              1.0000000        
F   1
  1     15.6410000              1.0000000        
F   1
  1      6.5270000              1.0000000        
F   1
  1      2.7240000              1.0000000        
F   1
  1      0.0509000              1.0000000        
G   1
  1      0.2520000              1.0000000        
G   1
  1      0.5430000              1.0000000        
G   1
  1     11.8300000              1.0000000        
G   1
  1      4.5020000              1.0000000        
G   1
  1      0.1069000              1.0000000        
H   1
  1      0.4460000              1.0000000        
H   1
  1      8.5080000              1.0000000        
H   1
  1      0.2270000              1.0000000

SILICON
S   11
  1 3948000.0000000             0.0000020        
  2 591100.0000000              0.0000158        
  3 134500.0000000              0.0000834        
  4  38120.0000000              0.0003514        
  5  12460.0000000              0.0012766        
  6   4504.0000000              0.0041519        
  7   1758.0000000              0.0123030        
  8    729.1000000              0.0333102        
  9    318.0000000              0.0809845        
 10    144.6000000              0.1702900        
 11     67.9700000              0.2868790        
S   11
  1 3948000.0000000            -0.0000005        
  2 591100.0000000             -0.0000042        
  3 134500.0000000             -0.0000222        
  4  38120.0000000             -0.0000936        
  5  12460.0000000             -0.0003401        
  6   4504.0000000             -0.0011106        
  7   1758.0000000             -0.0033088        
  8    729.1000000             -0.0091160        
  9    318.0000000             -0.0228790        
 10    144.6000000             -0.0517119        
 11     67.9700000             -0.0999091        
S   1
  1     32.8200000              1.0000000        
S   1
  1     16.0300000              1.0000000        
S   1
  1      7.3960000              1.0000000        
S   1
  1      3.6610000              1.0000000        
S   1
  1      1.8230000              1.0000000        
S   1
  1      0.9147000              1.0000000        
S   1
  1      0.3393000              1.0000000        
S   1
  1      0.1500000              1.0000000        
S   1
  1      0.0643800              1.0000000        
S   1
  1      0.0260000              1.0000000        
P   3
  1   1780.0000000              0.0002012        
  2    421.8000000              0.0017494        
  3    136.7000000              0.0094814        
P   1
  1     51.8100000              1.0000000        
P   1
  1     21.6000000              1.0000000        
P   1
  1      9.5630000              1.0000000        
P   1
  1      4.3500000              1.0000000        
P   1
  1      2.0060000              1.0000000        
P   1
  1      0.9205000              1.0000000        
P   1
  1      0.3500000              1.0000000        
P   1
  1      0.1381000              1.0000000        
P   1
  1      0.0533800              1.0000000        
P   1
  1      0.0192000              1.0000000        
D   1
  1      0.1260000              1.0000000        
D   1
  1      0.3210000              1.0000000        
D   1
  1      0.8170000              1.0000000        
D   1
  1      2.0820000              1.0000000        
D   1
  1     39.9340000              1.0000000        
D   1
  1     19.4830000              1.0000000        
D   1
  1      9.5050000              1.0000000        
D   1
  1      4.6380000              1.0000000        
D   1
  1      0.0468000              1.0000000        
F   1
  1      0.1690000              1.0000000        
F   1
  1      0.3410000              1.0000000        
F   1
  1      0.6880000              1.0000000        
F   1
  1     18.9640000              1.0000000        
F   1
  1      7.9560000              1.0000000        
F   1
  1      3.3380000              1.0000000        
F   1
  1      0.0735000              1.0000000        
G   1
  1      0.3200000              1.0000000        
G   1
  1      0.7050000              1.0000000        
G   1
  1     14.5040000              1.0000000        
G   1
  1      5.5810000              1.0000000        
G   1
  1      0.1510000              1.0000000        
H   1
  1      0.5830000              1.0000000        
H   1
  1     10.5360000              1.0000000        
H   1
  1      0.3230000              1.0000000

PHOSPHORUS
S   11
  1 4666000.0000000             0.0000020        
  2 698600.0000000              0.0000153        
  3 159000.0000000              0.0000805        
  4  45040.0000000              0.0003397        
  5  14720.0000000              0.0012329        
  6   5323.0000000              0.0040135        
  7   2076.0000000              0.0119124        
  8    861.1000000              0.0322511        
  9    375.7000000              0.0786643        
 10    170.8000000              0.1664580        
 11     80.2900000              0.2830390        
S   11
  1 4666000.0000000            -0.0000005        
  2 698600.0000000             -0.0000042        
  3 159000.0000000             -0.0000218        
  4  45040.0000000             -0.0000923        
  5  14720.0000000             -0.0003351        
  6   5323.0000000             -0.0010951        
  7   2076.0000000             -0.0032680        
  8    861.1000000             -0.0089995        
  9    375.7000000             -0.0226528        
 10    170.8000000             -0.0514650        
 11     80.2900000             -0.1001860        
S   1
  1     38.7700000              1.0000000        
S   1
  1     18.9300000              1.0000000        
S   1
  1      8.7960000              1.0000000        
S   1
  1      4.3580000              1.0000000        
S   1
  1      2.1740000              1.0000000        
S   1
  1      1.0950000              1.0000000        
S   1
  1      0.4400000              1.0000000        
S   1
  1      0.1945000              1.0000000        
S   1
  1      0.0837600              1.0000000        
S   1
  1      0.0335000              1.0000000        
P   3
  1   2010.0000000              0.0002159        
  2    476.3000000              0.0018754        
  3    154.4000000              0.0101742        
P   1
  1     58.5100000              1.0000000        
P   1
  1     24.4000000              1.0000000        
P   1
  1     10.8000000              1.0000000        
P   1
  1      4.9130000              1.0000000        
P   1
  1      2.2690000              1.0000000        
P   1
  1      1.0430000              1.0000000        
P   1
  1      0.4313000              1.0000000        
P   1
  1      0.1767000              1.0000000        
P   1
  1      0.0700900              1.0000000        
P   1
  1      0.0253000              1.0000000        
D   1
  1      0.1660000              1.0000000        
D   1
  1      0.4180000              1.0000000        
D   1
  1      1.0540000              1.0000000        
D   1
  1      2.6560000              1.0000000        
D   1
  1     48.4830000              1.0000000        
D   1
  1     23.8780000              1.0000000        
D   1
  1     11.7600000              1.0000000        
D   1
  1      5.7920000              1.0000000        
D   1
  1      0.0624000              1.0000000        
F   1
  1      0.2190000              1.0000000        
F   1
  1      0.4500000              1.0000000        
F   1
  1      0.9230000              1.0000000        
F   1
  1     22.9200000              1.0000000        
F   1
  1      9.6830000              1.0000000        
F   1
  1      4.0910000              1.0000000        
F   1
  1      0.0950000              1.0000000        
G   1
  1      0.4120000              1.0000000        
G   1
  1      0.9030000              1.0000000        
G   1
  1     17.3220000              1.0000000        
G   1
  1      6.7170000              1.0000000        
G   1
  1      0.1840000              1.0000000        
H   1
  1      0.7450000              1.0000000        
H   1
  1     12.8110000              1.0000000        
H   1
  1      0.3720000              1.0000000

SULFUR
S   11
  1 5481000.0000000             0.0000019        
  2 820600.0000000              0.0000147        
  3 186700.0000000              0.0000775        
  4  52880.0000000              0.0003272        
  5  17250.0000000              0.0011937        
  6   6226.0000000              0.0038839        
  7   2429.0000000              0.0115336        
  8   1007.0000000              0.0312748        
  9    439.5000000              0.0764387        
 10    199.8000000              0.1627000        
 11     93.9200000              0.2793280        
S   11
  1 5481000.0000000            -0.0000005        
  2 820600.0000000             -0.0000041        
  3 186700.0000000             -0.0000214        
  4  52880.0000000             -0.0000905        
  5  17250.0000000             -0.0003301        
  6   6226.0000000             -0.0010778        
  7   2429.0000000             -0.0032187        
  8   1007.0000000             -0.0088722        
  9    439.5000000             -0.0223771        
 10    199.8000000             -0.0510577        
 11     93.9200000             -0.1002250        
S   1
  1     45.3400000              1.0000000        
S   1
  1     22.1500000              1.0000000        
S   1
  1     10.3400000              1.0000000        
S   1
  1      5.1190000              1.0000000        
S   1
  1      2.5530000              1.0000000        
S   1
  1      1.2820000              1.0000000        
S   1
  1      0.5450000              1.0000000        
S   1
  1      0.2411000              1.0000000        
S   1
  1      0.1035000              1.0000000        
S   1
  1      0.0420000              1.0000000        
P   3
  1   2200.0000000              0.0002390        
  2    521.4000000              0.0020769        
  3    169.0000000              0.0112363        
P   1
  1     64.0500000              1.0000000        
P   1
  1     26.7200000              1.0000000        
P   1
  1     11.8300000              1.0000000        
P   1
  1      5.3780000              1.0000000        
P   1
  1      2.4820000              1.0000000        
P   1
  1      1.1160000              1.0000000        
P   1
  1      0.4848000              1.0000000        
P   1
  1      0.2006000              1.0000000        
P   1
  1      0.0795100              1.0000000        
P   1
  1      0.0294000              1.0000000        
D   1
  1      0.2050000              1.0000000        
D   1
  1      0.5120000              1.0000000        
D   1
  1      1.2810000              1.0000000        
D   1
  1      3.2030000              1.0000000        
D   1
  1     56.6940000              1.0000000        
D   1
  1     28.0700000              1.0000000        
D   1
  1     13.8980000              1.0000000        
D   1
  1      6.8810000              1.0000000        
D   1
  1      0.0794000              1.0000000        
F   1
  1      0.2550000              1.0000000        
F   1
  1      0.5290000              1.0000000        
F   1
  1      1.0960000              1.0000000        
F   1
  1     26.3820000              1.0000000        
F   1
  1     11.0720000              1.0000000        
F   1
  1      4.6470000              1.0000000        
F   1
  1      0.1188000              1.0000000        
G   1
  1      0.4630000              1.0000000        
G   1
  1      1.0710000              1.0000000        
G   1
  1     20.3460000              1.0000000        
G   1
  1      7.9080000              1.0000000        
G   1
  1      0.2200000              1.0000000        
H   1
  1      0.8720000              1.0000000        
H   1
  1     15.3060000              1.0000000        
H   1
  1      0.4720000              1.0000000

CHLORINE
S   11
  1 6410000.0000000             0.0000018        
  2 959600.0000000              0.0000141        
  3 218300.0000000              0.0000742        
  4  61810.0000000              0.0003141        
  5  20140.0000000              0.0011464        
  6   7264.0000000              0.0037389        
  7   2832.0000000              0.0110946        
  8   1175.0000000              0.0301152        
  9    512.6000000              0.0739145        
 10    233.0000000              0.1582580        
 11    109.5000000              0.2747530        
S   11
  1 6410000.0000000            -0.0000005        
  2 959600.0000000             -0.0000040        
  3 218300.0000000             -0.0000208        
  4  61810.0000000             -0.0000881        
  5  20140.0000000             -0.0003217        
  6   7264.0000000             -0.0010528        
  7   2832.0000000             -0.0031418        
  8   1175.0000000             -0.0086636        
  9    512.6000000             -0.0219353        
 10    233.0000000             -0.0502584        
 11    109.5000000             -0.0995414        
S   1
  1     52.8600000              1.0000000        
S   1
  1     25.8400000              1.0000000        
S   1
  1     12.1700000              1.0000000        
S   1
  1      6.0300000              1.0000000        
S   1
  1      3.0120000              1.0000000        
S   1
  1      1.5110000              1.0000000        
S   1
  1      0.6604000              1.0000000        
S   1
  1      0.2926000              1.0000000        
S   1
  1      0.1254000              1.0000000        
S   1
  1      0.0479000              1.0000000        
P   3
  1   2548.0000000              0.0002357        
  2    603.7000000              0.0020516        
  3    195.6000000              0.0111543        
P   1
  1     74.1500000              1.0000000        
P   1
  1     30.9400000              1.0000000        
P   1
  1     13.6900000              1.0000000        
P   1
  1      6.2290000              1.0000000        
P   1
  1      2.8780000              1.0000000        
P   1
  1      1.2820000              1.0000000        
P   1
  1      0.5641000              1.0000000        
P   1
  1      0.2348000              1.0000000        
P   1
  1      0.0931200              1.0000000        
P   1
  1      0.0348000              1.0000000        
D   1
  1      0.2500000              1.0000000        
D   1
  1      0.6180000              1.0000000        
D   1
  1      1.5290000              1.0000000        
D   1
  1      3.7810000              1.0000000        
D   1
  1     65.8370000              1.0000000        
D   1
  1     32.6870000              1.0000000        
D   1
  1     16.2280000              1.0000000        
D   1
  1      8.0570000              1.0000000        
D   1
  1      0.1003000              1.0000000        
F   1
  1      0.3200000              1.0000000        
F   1
  1      0.6560000              1.0000000        
F   1
  1      1.3450000              1.0000000        
F   1
  1     30.6910000              1.0000000        
F   1
  1     12.8840000              1.0000000        
F   1
  1      5.4090000              1.0000000        
F   1
  1      0.1640000              1.0000000        
G   1
  1      0.5560000              1.0000000        
G   1
  1      1.3020000              1.0000000        
G   1
  1     23.4460000              1.0000000        
G   1
  1      9.1210000              1.0000000        
G   1
  1      0.2770000              1.0000000        
H   1
  1      1.0530000              1.0000000        
H   1
  1     18.0660000              1.0000000        
H   1
  1      0.6070000              1.0000000

ARGON
S   11
  1 7401000.0000000             0.0000018        
  2 1108000.0000000             0.0000136        
  3 252100.0000000              0.0000716        
  4  71380.0000000              0.0003030        
  5  23260.0000000              0.0011061        
  6   8390.0000000              0.0036067        
  7   3271.0000000              0.0107132        
  8   1357.0000000              0.0291068        
  9    592.0000000              0.0716601        
 10    269.1000000              0.1541405        
 11    126.5000000              0.2704171        
S   11
  1 7401000.0000000            -0.0000005        
  2 1108000.0000000            -0.0000039        
  3 252100.0000000             -0.0000203        
  4  71380.0000000             -0.0000861        
  5  23260.0000000             -0.0003144        
  6   8390.0000000             -0.0010284        
  7   3271.0000000             -0.0030727        
  8   1357.0000000             -0.0084753        
  9    592.0000000             -0.0215201        
 10    269.1000000             -0.0494493        
 11    126.5000000             -0.0987759        
S   1
  1     61.0300000              1.0000000        
S   1
  1     29.8600000              1.0000000        
S   1
  1     14.1700000              1.0000000        
S   1
  1      7.0220000              1.0000000        
S   1
  1      3.5110000              1.0000000        
S   1
  1      1.7580000              1.0000000        
S   1
  1      0.7841000              1.0000000        
S   1
  1      0.3480000              1.0000000        
S   1
  1      0.1491000              1.0000000        
S   1
  1      0.0538000              1.0000000        
P   3
  1   2927.0000000              0.0002320        
  2    693.5000000              0.0020233        
  3    224.7000000              0.0110340        
P   1
  1     85.1700000              1.0000000        
P   1
  1     35.5300000              1.0000000        
P   1
  1     15.7300000              1.0000000        
P   1
  1      7.1650000              1.0000000        
P   1
  1      3.3220000              1.0000000        
P   1
  1      1.4780000              1.0000000        
P   1
  1      0.6552000              1.0000000        
P   1
  1      0.2751000              1.0000000        
P   1
  1      0.1097000              1.0000000        
P   1
  1      0.0402000              1.0000000        
D   1
  1      0.3090000              1.0000000        
D   1
  1      0.7700000              1.0000000        
D   1
  1      1.9170000              1.0000000        
D   1
  1      4.7760000              1.0000000        
D   1
  1     76.8080000              1.0000000        
D   1
  1     38.7370000              1.0000000        
D   1
  1     19.5370000              1.0000000        
D   1
  1      9.8530000              1.0000000        
D   1
  1      0.1210000              1.0000000        
F   1
  1      0.4080000              1.0000000        
F   1
  1      0.8250000              1.0000000        
F   1
  1      1.6680000              1.0000000        
F   1
  1     35.8730000              1.0000000        
F   1
  1     15.1400000              1.0000000        
F   1
  1      6.3900000              1.0000000        
F   1
  1      0.2090000              1.0000000        
G   1
  1      0.6650000              1.0000000        
G   1
  1      1.5620000              1.0000000        
G   1
  1     26.5600000              1.0000000        
G   1
  1     10.3060000              1.0000000        
G   1
  1      0.3340000              1.0000000        
H   1
  1      1.2640000              1.0000000        
H   1
  1     21.1040000              1.0000000        
H   1
  1      0.7420000              1.0000000


