YTTRIUM
S   13
  1   5177.1300000              0.0000060        
  2    803.7880000              0.0000420        
  3    176.8550000              0.0001850        
  4     24.7094000              0.0068560        
  5     15.4311000             -0.0514100        
  6      9.6370600              0.1537220        
  7      3.6556900             -0.3427500        
  8      2.1887900             -0.2814160        
  9      0.9669010              0.4317850        
 10      0.5203350              0.6443500        
 11      0.2687380              0.2560410        
 12      0.0934310              0.0142160        
 13      0.0442780             -0.0008570        
S   13
  1   5177.1300000             -0.0000020        
  2    803.7880000             -0.0000130        
  3    176.8550000             -0.0000630        
  4     24.7094000             -0.0020340        
  5     15.4311000              0.0156890        
  6      9.6370600             -0.0487030        
  7      3.6556900              0.1209540        
  8      2.1887900              0.0857950        
  9      0.9669010             -0.1647410        
 10      0.5203350             -0.3133730        
 11      0.2687380             -0.2505130        
 12      0.0934310              0.3309260        
 13      0.0442780              0.6689400        
S   13
  1   5177.1300000             -0.0000030        
  2    803.7880000             -0.0000340        
  3    176.8550000             -0.0000560        
  4     24.7094000             -0.0065930        
  5     15.4311000              0.0389400        
  6      9.6370600             -0.1029080        
  7      3.6556900              0.2703540        
  8      2.1887900              0.0618350        
  9      0.9669010             -0.1353620        
 10      0.5203350             -1.2866270        
 11      0.2687380              0.5668990        
 12      0.0934310              2.0738270        
 13      0.0442780             -1.1966140        
S   13
  1   5177.1300000             -0.0000040        
  2    803.7880000             -0.0000520        
  3    176.8550000             -0.0000830        
  4     24.7094000             -0.0098760        
  5     15.4311000              0.0577990        
  6      9.6370600             -0.1538970        
  7      3.6556900              0.4217130        
  8      2.1887900              0.1309820        
  9      0.9669010             -0.5555320        
 10      0.5203350             -2.5771630        
 11      0.2687380              4.1711070        
 12      0.0934310             -1.4383750        
 13      0.0442780             -1.6047110        
S   13
  1   5177.1300000             -0.0000120        
  2    803.7880000              0.0000460        
  3    176.8550000             -0.0006750        
  4     24.7094000              0.0212080        
  5     15.4311000             -0.0598710        
  6      9.6370600              0.0151140        
  7      3.6556900             -0.0377770        
  8      2.1887900              1.1622360        
  9      0.9669010             -3.2770720        
 10      0.5203350              1.2701190        
 11      0.2687380              3.1537770        
 12      0.0934310             -6.7129510        
 13      0.0442780              7.3005270        
S   1
  1      0.0205860              1.0000000        
P   10
  1    107.4110000              0.0000910        
  2      7.8253700              0.0412730        
  3      4.8896400             -0.1207510        
  4      2.6346700             -0.0913090        
  5      1.2906400              0.2467110        
  6      0.6865630              0.4542820        
  7      0.3642540              0.3496890        
  8      0.1880790              0.1146010        
  9      0.0906470              0.0109550        
 10      0.0433930              0.0016130        
P   10
  1    107.4110000             -0.0000300        
  2      7.8253700             -0.0128200        
  3      4.8896400              0.0389180        
  4      2.6346700              0.0262170        
  5      1.2906400             -0.0850530        
  6      0.6865630             -0.1644870        
  7      0.3642540             -0.1767940        
  8      0.1880790              0.0390610        
  9      0.0906470              0.4379790        
 10      0.0433930              0.5157770        
P   10
  1    107.4110000             -0.0000650        
  2      7.8253700             -0.0284960        
  3      4.8896400              0.0852470        
  4      2.6346700              0.0687010        
  5      1.2906400             -0.1845780        
  6      0.6865630             -0.6131370        
  7      0.3642540             -0.2279870        
  8      0.1880790              1.3845570        
  9      0.0906470              0.1841280        
 10      0.0433930             -0.8904790        
P   10
  1    107.4110000             -0.0000790        
  2      7.8253700             -0.0378270        
  3      4.8896400              0.1192150        
  4      2.6346700              0.0674820        
  5      1.2906400             -0.2648700        
  6      0.6865630             -1.1887760        
  7      0.3642540              1.3402300        
  8      0.1880790              1.1973990        
  9      0.0906470             -2.3967800        
 10      0.0433930              0.7039560        
P   10
  1    107.4110000             -0.0001660        
  2      7.8253700             -0.0512630        
  3      4.8896400              0.1531410        
  4      2.6346700              0.2656770        
  5      1.2906400             -1.1525810        
  6      0.6865630             -1.1729520        
  7      0.3642540              4.9116730        
  8      0.1880790             -5.0069800        
  9      0.0906470              1.9625810        
 10      0.0433930              0.7231000        
P   1
  1      0.0203400              1.0000000        
D   9
  1     44.4707000              0.0001300        
  2     12.2260000              0.0012450        
  3      5.0145900             -0.0064180        
  4      1.6657600              0.0515240        
  5      0.8894000              0.1608100        
  6      0.4492320              0.2592560        
  7      0.2178540              0.3131190        
  8      0.1023240              0.2970510        
  9      0.0468400              0.1865630        
D   9
  1     44.4707000             -0.0001640        
  2     12.2260000             -0.0014080        
  3      5.0145900              0.0073280        
  4      1.6657600             -0.0672140        
  5      0.8894000             -0.1989690        
  6      0.4492320             -0.3268610        
  7      0.2178540             -0.2274790        
  8      0.1023240              0.2344810        
  9      0.0468400              0.5414920        
D   9
  1     44.4707000              0.0001980        
  2     12.2260000              0.0019390        
  3      5.0145900             -0.0100050        
  4      1.6657600              0.0955710        
  5      0.8894000              0.2915650        
  6      0.4492320              0.4281810        
  7      0.2178540             -0.3428950        
  8      0.1023240             -0.8129610        
  9      0.0468400              0.3614820        
D   9
  1     44.4707000             -0.0003660        
  2     12.2260000             -0.0021570        
  3      5.0145900              0.0129660        
  4      1.6657600             -0.1214120        
  5      0.8894000             -0.6795100        
  6      0.4492320              0.0093200        
  7      0.2178540              1.4118300        
  8      0.1023240             -0.9492730        
  9      0.0468400             -0.5277300        
D   1
  1      0.0205940              1.0000000        
F   1
  1      0.9135000              1.0000000        
F   1
  1      0.2836000              1.0000000        
F   1
  1      0.0880000              1.0000000        
G   1
  1      0.5819000              1.0000000        
G   1
  1      0.1735000              1.0000000        
H   1
  1      0.3395000              1.0000000

ZIRCONIUM
S   13
  1   5675.2400000              0.0000060        
  2    863.1340000              0.0000460        
  3    190.3400000              0.0001980        
  4     26.9090000              0.0070570        
  5     16.8039000             -0.0530490        
  6     10.4957000              0.1577920        
  7      3.9316800             -0.3577070        
  8      2.4065300             -0.2830480        
  9      1.0562800              0.4624190        
 10      0.5710270              0.6391000        
 11      0.2958580              0.2418360        
 12      0.1043250              0.0136140        
 13      0.0485630             -0.0007280        
S   13
  1   5675.2400000             -0.0000020        
  2    863.1340000             -0.0000150        
  3    190.3400000             -0.0000680        
  4     26.9090000             -0.0021350        
  5     16.8039000              0.0164650        
  6     10.4957000             -0.0508100        
  7      3.9316800              0.1293950        
  8      2.4065300              0.0858250        
  9      1.0562800             -0.1802650        
 10      0.5710270             -0.3258040        
 11      0.2958580             -0.2273070        
 12      0.1043250              0.3456950        
 13      0.0485630              0.6582420        
S   13
  1   5675.2400000             -0.0000030        
  2    863.1340000             -0.0000400        
  3    190.3400000             -0.0000710        
  4     26.9090000             -0.0072040        
  5     16.8039000              0.0429900        
  6     10.4957000             -0.1141280        
  7      3.9316800              0.3101060        
  8      2.4065300              0.0689160        
  9      1.0562800             -0.2137110        
 10      0.5710270             -1.4303860        
 11      0.2958580              0.8787700        
 12      0.1043250              1.8905350        
 13      0.0485630             -1.2450350        
S   13
  1   5675.2400000             -0.0000060        
  2    863.1340000             -0.0000510        
  3    190.3400000             -0.0001690        
  4     26.9090000             -0.0077740        
  5     16.8039000              0.0527550        
  6     10.4957000             -0.1563380        
  7      3.9316800              0.4515910        
  8      2.4065300              0.2384230        
  9      1.0562800             -1.1251000        
 10      0.5710270             -2.0104270        
 11      0.2958580              4.3180980        
 12      0.1043250             -2.3194350        
 13      0.0485630             -0.6481260        
S   13
  1   5675.2400000             -0.0000160        
  2    863.1340000              0.0000580        
  3    190.3400000             -0.0008910        
  4     26.9090000              0.0273980        
  5     16.8039000             -0.0769940        
  6     10.4957000              0.0179110        
  7      3.9316800             -0.0205690        
  8      2.4065300              1.4847690        
  9      1.0562800             -5.2993640        
 10      0.5710270              5.0797270        
 11      0.2958580             -0.0139520        
 12      0.1043250             -4.7172460        
 13      0.0485630              6.0430530        
S   1
  1      0.0223560              1.0000000        
P   10
  1    122.6140000              0.0000890        
  2      8.6017600              0.0431890        
  3      5.3756700             -0.1256900        
  4      2.8732600             -0.0984530        
  5      1.4314800              0.2616530        
  6      0.7585420              0.4684370        
  7      0.3983330              0.3431180        
  8      0.2005520              0.1015390        
  9      0.0942630              0.0077750        
 10      0.0439730              0.0014680        
P   10
  1    122.6140000             -0.0000290        
  2      8.6017600             -0.0132920        
  3      5.3756700              0.0402610        
  4      2.8732600              0.0278420        
  5      1.4314800             -0.0900280        
  6      0.7585420             -0.1740550        
  7      0.3983330             -0.1576400        
  8      0.2005520              0.0813280        
  9      0.0942630              0.4341340        
 10      0.0439730              0.4929950        
P   10
  1    122.6140000             -0.0000420        
  2      8.6017600             -0.0186700        
  3      5.3756700              0.0562710        
  4      2.8732600              0.0412580        
  5      1.4314800             -0.1303570        
  6      0.7585420             -0.2424890        
  7      0.3983330             -0.2520430        
  8      0.2005520              0.2222450        
  9      0.0942630              0.6873330        
 10      0.0439730              0.2793880        
P   10
  1    122.6140000             -0.0000720        
  2      8.6017600             -0.0353270        
  3      5.3756700              0.1073430        
  4      2.8732600              0.0781030        
  5      1.4314800             -0.2483300        
  6      0.7585420             -0.7742400        
  7      0.3983330              0.1204770        
  8      0.2005520              1.5143590        
  9      0.0942630             -0.4188840        
 10      0.0439730             -0.7176520        
P   10
  1    122.6140000             -0.0001010        
  2      8.6017600             -0.0557630        
  3      5.3756700              0.1714680        
  4      2.8732600              0.1546890        
  5      1.4314800             -0.7228250        
  6      0.7585420             -1.2765790        
  7      0.3983330              2.9768200        
  8      0.2005520             -1.0541120        
  9      0.0942630             -1.4600030        
 10      0.0439730              1.3306580        
P   1
  1      0.0202460              1.0000000        
D   9
  1     48.6431000              0.0001600        
  2     13.5835000              0.0015130        
  3      5.3945300             -0.0091330        
  4      1.8630000              0.0638690        
  5      1.0079200              0.1893790        
  6      0.5198200              0.2877480        
  7      0.2594550              0.3152610        
  8      0.1255900              0.2608760        
  9      0.0589320              0.1415580        
D   9
  1     48.6431000             -0.0001990        
  2     13.5835000             -0.0016270        
  3      5.3945300              0.0100510        
  4      1.8630000             -0.0817780        
  5      1.0079200             -0.2318160        
  6      0.5198200             -0.3431630        
  7      0.2594550             -0.1316050        
  8      0.1255900              0.3309010        
  9      0.0589320              0.5074600        
D   9
  1     48.6431000              0.0003110        
  2     13.5835000              0.0020970        
  3      5.3945300             -0.0135190        
  4      1.8630000              0.1372450        
  5      1.0079200              0.3797260        
  6      0.5198200              0.3322720        
  7      0.2594550             -0.5609850        
  8      0.1255900             -0.6443880        
  9      0.0589320              0.4851650        
D   9
  1     48.6431000             -0.0004680        
  2     13.5835000             -0.0028050        
  3      5.3945300              0.0199580        
  4      1.8630000             -0.2202750        
  5      1.0079200             -0.7531930        
  6      0.5198200              0.4522480        
  7      0.2594550              1.1905720        
  8      0.1255900             -1.2301770        
  9      0.0589320             -0.2159390        
D   1
  1      0.0262290              1.0000000        
F   1
  1      1.3601000              1.0000000        
F   1
  1      0.4291000              1.0000000        
F   1
  1      0.1354000              1.0000000        
G   1
  1      0.8169000              1.0000000        
G   1
  1      0.2490000              1.0000000        
H   1
  1      0.5010000              1.0000000

NIOBIUM
S   13
  1   5729.3600000              0.0000080        
  2    898.7570000              0.0000520        
  3    203.1540000              0.0002160        
  4     29.0821000              0.0073960        
  5     18.1596000             -0.0552510        
  6     11.3420000              0.1632580        
  7      4.2245400             -0.3721490        
  8      2.6381700             -0.2827570        
  9      1.1509900              0.4840580        
 10      0.6250000              0.6333390        
 11      0.3244810              0.2343950        
 12      0.1141370              0.0132460        
 13      0.0524230             -0.0007750        
S   13
  1   5729.3600000             -0.0000030        
  2    898.7570000             -0.0000170        
  3    203.1540000             -0.0000750        
  4     29.0821000             -0.0022520        
  5     18.1596000              0.0172420        
  6     11.3420000             -0.0528630        
  7      4.2245400              0.1363550        
  8      2.6381700              0.0845410        
  9      1.1509900             -0.1912600        
 10      0.6250000             -0.3296300        
 11      0.3244810             -0.2097360        
 12      0.1141370              0.3537950        
 13      0.0524230              0.6495660        
S   13
  1   5729.3600000             -0.0000040        
  2    898.7570000             -0.0000460        
  3    203.1540000             -0.0000850        
  4     29.0821000             -0.0076920        
  5     18.1596000              0.0460280        
  6     11.3420000             -0.1222600        
  7      4.2245400              0.3382530        
  8      2.6381700              0.0701100        
  9      1.1509900             -0.2716550        
 10      0.6250000             -1.4798190        
 11      0.3244810              1.0436440        
 12      0.1141370              1.7512880        
 13      0.0524230             -1.2255670        
S   13
  1   5729.3600000             -0.0000080        
  2    898.7570000             -0.0000580        
  3    203.1540000             -0.0002260        
  4     29.0821000             -0.0074160        
  5     18.1596000              0.0539120        
  6     11.3420000             -0.1667540        
  7      4.2245400              0.5029010        
  8      2.6381700              0.2662620        
  9      1.1509900             -1.5007590        
 10      0.6250000             -1.5285370        
 11      0.3244810              4.2085080        
 12      0.1141370             -2.6574950        
 13      0.0524230             -0.1836000        
S   13
  1   5729.3600000             -0.0000200        
  2    898.7570000              0.0000500        
  3    203.1540000             -0.0009920        
  4     29.0821000              0.0264760        
  5     18.1596000             -0.0672280        
  6     11.3420000             -0.0180330        
  7      4.2245400              0.1081030        
  8      2.6381700              1.5653000        
  9      1.1509900             -6.7398560        
 10      0.6250000              7.9760920        
 11      0.3244810             -2.5603720        
 12      0.1141370             -2.9311650        
 13      0.0524230              4.7735390        
S   1
  1      0.0239040              1.0000000        
P   10
  1    138.4600000              0.0000870        
  2      9.3123800              0.0460850        
  3      5.8201500             -0.1347720        
  4      3.0589600             -0.1053350        
  5      1.5902700              0.2747760        
  6      0.8361380              0.4792360        
  7      0.4360320              0.3375730        
  8      0.2167160              0.0941580        
  9      0.1018830              0.0062330        
 10      0.0473870              0.0014690        
P   10
  1    138.4600000             -0.0000290        
  2      9.3123800             -0.0143860        
  3      5.8201500              0.0438130        
  4      3.0589600              0.0302870        
  5      1.5902700             -0.0963090        
  6      0.8361380             -0.1837030        
  7      0.4360320             -0.1496950        
  8      0.2167160              0.1031560        
  9      0.1018830              0.4396420        
 10      0.0473870              0.4785870        
P   10
  1    138.4600000             -0.0000430        
  2      9.3123800             -0.0210770        
  3      5.8201500              0.0638960        
  4      3.0589600              0.0466950        
  5      1.5902700             -0.1449560        
  6      0.8361380             -0.2742540        
  7      0.4360320             -0.2375990        
  8      0.2167160              0.2952600        
  9      0.1018830              0.6708660        
 10      0.0473870              0.2356770        
P   10
  1    138.4600000             -0.0000730        
  2      9.3123800             -0.0390570        
  3      5.8201500              0.1198810        
  4      3.0589600              0.0864220        
  5      1.5902700             -0.2891420        
  6      0.8361380             -0.8052000        
  7      0.4360320              0.2953950        
  8      0.2167160              1.4185360        
  9      0.1018830             -0.5209570        
 10      0.0473870             -0.6615440        
P   10
  1    138.4600000             -0.0001020        
  2      9.3123800             -0.0630370        
  3      5.8201500              0.1953600        
  4      3.0589600              0.1871900        
  5      1.5902700             -0.9029120        
  6      0.8361380             -1.0655850        
  7      0.4360320              3.0265000        
  8      0.2167160             -1.4246220        
  9      0.1018830             -1.1257930        
 10      0.0473870              1.2566670        
P   1
  1      0.0217480              1.0000000        
D   9
  1     55.5243000              0.0001800        
  2     15.8430000              0.0015650        
  3      5.7920600             -0.0100360        
  4      2.1776800              0.0585180        
  5      1.2209000              0.1897930        
  6      0.6445770              0.2945090        
  7      0.3278110              0.3174790        
  8      0.1609180              0.2524380        
  9      0.0761310              0.1316200        
D   9
  1     55.5243000             -0.0002210        
  2     15.8430000             -0.0016600        
  3      5.7920600              0.0108870        
  4      2.1776800             -0.0759490        
  5      1.2209000             -0.2327040        
  6      0.6445770             -0.3415990        
  7      0.3278110             -0.1222670        
  8      0.1609180              0.3328420        
  9      0.0761310              0.5027080        
D   9
  1     55.5243000              0.0003560        
  2     15.8430000              0.0023390        
  3      5.7920600             -0.0159450        
  4      2.1776800              0.1419710        
  5      1.2209000              0.4109560        
  6      0.6445770              0.3210380        
  7      0.3278110             -0.5989470        
  8      0.1609180             -0.6084580        
  9      0.0761310              0.4610850        
D   9
  1     55.5243000             -0.0005480        
  2     15.8430000             -0.0030070        
  3      5.7920600              0.0229940        
  4      2.1776800             -0.2487660        
  5      1.2209000             -0.7513270        
  6      0.6445770              0.5055700        
  7      0.3278110              1.1509160        
  8      0.1609180             -1.1909780        
  9      0.0761310             -0.2850970        
D   1
  1      0.0339110              1.0000000        
F   1
  1      1.8010000              1.0000000        
F   1
  1      0.5748000              1.0000000        
F   1
  1      0.1835000              1.0000000        
G   1
  1      1.0578000              1.0000000        
G   1
  1      0.3318000              1.0000000        
H   1
  1      0.6732000              1.0000000

MOLYBDENUM
S   13
  1   6711.2300000              0.0000080        
  2    988.2620000              0.0000590        
  3    216.2910000              0.0002440        
  4     31.1617000              0.0077510        
  5     19.4654000             -0.0577500        
  6     12.1603000              0.1702780        
  7      4.5171000             -0.3983930        
  8      2.8203200             -0.2761780        
  9      1.2602800              0.5039470        
 10      0.6800130              0.6368170        
 11      0.3514060              0.2246810        
 12      0.1247460              0.0120130        
 13      0.0566870             -0.0007040        
S   13
  1   6711.2300000             -0.0000030        
  2    988.2620000             -0.0000190        
  3    216.2910000             -0.0000840        
  4     31.1617000             -0.0023280        
  5     19.4654000              0.0178340        
  6     12.1603000             -0.0546970        
  7      4.5171000              0.1452280        
  8      2.8203200              0.0805810        
  9      1.2602800             -0.1986470        
 10      0.6800130             -0.3318030        
 11      0.3514060             -0.1945790        
 12      0.1247460              0.3483100        
 13      0.0566870              0.6441110        
S   13
  1   6711.2300000             -0.0000050        
  2    988.2620000             -0.0000490        
  3    216.2910000             -0.0001130        
  4     31.1617000             -0.0076210        
  5     19.4654000              0.0466430        
  6     12.1603000             -0.1260310        
  7      4.5171000              0.3550690        
  8      2.8203200              0.0788460        
  9      1.2602800             -0.3292100        
 10      0.6800130             -1.4622420        
 11      0.3514060              1.1047470        
 12      0.1247460              1.6428490        
 13      0.0566870             -1.1446510        
S   13
  1   6711.2300000             -0.0000090        
  2    988.2620000             -0.0000660        
  3    216.2910000             -0.0002910        
  4     31.1617000             -0.0072570        
  5     19.4654000              0.0559090        
  6     12.1603000             -0.1790880        
  7      4.5171000              0.5626060        
  8      2.8203200              0.2990240        
  9      1.2602800             -1.8724510        
 10      0.6800130             -0.9933480        
 11      0.3514060              3.9567310        
 12      0.1247460             -2.7368330        
 13      0.0566870             -0.0070370        
S   13
  1   6711.2300000             -0.0000180        
  2    988.2620000             -0.0000170        
  3    216.2910000             -0.0008440        
  4     31.1617000              0.0129570        
  5     19.4654000             -0.0099490        
  6     12.1603000             -0.1236980        
  7      4.5171000              0.4468930        
  8      2.8203200              1.4039530        
  9      1.2602800             -7.7842940        
 10      0.6800130             10.2859540        
 11      0.3514060             -4.7884940        
 12      0.1247460             -1.2294860        
 13      0.0566870              3.4559250        
S   1
  1      0.0255690              1.0000000        
P   10
  1    152.9580000              0.0000890        
  2     10.0454000              0.0486580        
  3      6.2786900             -0.1429160        
  4      3.2529000             -0.1119240        
  5      1.7561900              0.2872550        
  6      0.9164400              0.4882670        
  7      0.4752100              0.3325040        
  8      0.2340410              0.0879450        
  9      0.1099870              0.0051370        
 10      0.0509000              0.0014690        
P   10
  1    152.9580000             -0.0000300        
  2     10.0454000             -0.0151180        
  3      6.2786900              0.0462370        
  4      3.2529000              0.0321610        
  5      1.7561900             -0.1003680        
  6      0.9164400             -0.1878280        
  7      0.4752100             -0.1412290        
  8      0.2340410              0.1129270        
  9      0.1099870              0.4365490        
 10      0.0509000              0.4735680        
P   10
  1    152.9580000             -0.0000460        
  2     10.0454000             -0.0234060        
  3      6.2786900              0.0713700        
  4      3.2529000              0.0523310        
  5      1.7561900             -0.1606860        
  6      0.9164400             -0.3056960        
  7      0.4752100             -0.2096950        
  8      0.2340410              0.3498440        
  9      0.1099870              0.6427110        
 10      0.0509000              0.2113020        
P   10
  1    152.9580000             -0.0000820        
  2     10.0454000             -0.0425660        
  3      6.2786900              0.1316610        
  4      3.2529000              0.1041920        
  5      1.7561900             -0.3540870        
  6      0.9164400             -0.8231200        
  7      0.4752100              0.4691120        
  8      0.2340410              1.3060670        
  9      0.1099870             -0.6005210        
 10      0.0509000             -0.6033790        
P   10
  1    152.9580000             -0.0001570        
  2     10.0454000             -0.0617300        
  3      6.2786900              0.1912730        
  4      3.2529000              0.3034920        
  5      1.7561900             -1.2601600        
  6      0.9164400             -0.6601690        
  7      0.4752100              2.9941100        
  8      0.2340410             -1.8628630        
  9      0.1099870             -0.6548950        
 10      0.0509000              1.0766410        
P   1
  1      0.0231980              1.0000000        
D   9
  1     64.0194000              0.0001670        
  2     17.5538000              0.0016530        
  3      6.5001600             -0.0132930        
  4      2.4048200              0.0670070        
  5      1.3421000              0.2091290        
  6      0.7078230              0.3096950        
  7      0.3603360              0.3139960        
  8      0.1770770              0.2323510        
  9      0.0836650              0.1119340        
D   9
  1     64.0194000             -0.0001970        
  2     17.5538000             -0.0017110        
  3      6.5001600              0.0142690        
  4      2.4048200             -0.0826730        
  5      1.3421000             -0.2573070        
  6      0.7078230             -0.3434210        
  7      0.3603360             -0.0548000        
  8      0.1770770              0.3765310        
  9      0.0836650              0.4797980        
D   9
  1     64.0194000              0.0003680        
  2     17.5538000              0.0022850        
  3      6.5001600             -0.0210710        
  4      2.4048200              0.1657440        
  5      1.3421000              0.4848470        
  6      0.7078230              0.2113940        
  7      0.3603360             -0.7066180        
  8      0.1770770             -0.4649570        
  9      0.0836650              0.5321680        
D   9
  1     64.0194000             -0.0003500        
  2     17.5538000             -0.0041070        
  3      6.5001600              0.0359670        
  4      2.4048200             -0.2938650        
  5      1.3421000             -0.8126500        
  6      0.7078230              0.8503400        
  7      0.3603360              0.8690250        
  8      0.1770770             -1.3237980        
  9      0.0836650              0.0049480        
D   1
  1      0.0370260              1.0000000        
F   1
  1      2.1810000              1.0000000        
F   1
  1      0.7026000              1.0000000        
F   1
  1      0.2263000              1.0000000        
G   1
  1      1.2568000              1.0000000        
G   1
  1      0.4007000              1.0000000        
H   1
  1      0.8384000              1.0000000

TECHNETIUM
S   13
  1   7011.0800000              0.0000090        
  2   1046.1000000              0.0000670        
  3    230.4930000              0.0002740        
  4     33.3218000              0.0082370        
  5     20.8105000             -0.0606330        
  6     12.9975000              0.1778160        
  7      4.8305100             -0.4220620        
  8      3.0155200             -0.2693360        
  9      1.3706200              0.5218430        
 10      0.7358360              0.6380050        
 11      0.3788160              0.2160910        
 12      0.1335490              0.0112120        
 13      0.0601560             -0.0003020        
S   13
  1   7011.0800000             -0.0000030        
  2   1046.1000000             -0.0000220        
  3    230.4930000             -0.0000930        
  4     33.3218000             -0.0024160        
  5     20.8105000              0.0183200        
  6     12.9975000             -0.0560010        
  7      4.8305100              0.1511880        
  8      3.0155200              0.0755970        
  9      1.3706200             -0.2027390        
 10      0.7358360             -0.3248550        
 11      0.3788160             -0.1823170        
 12      0.1335490              0.3372970        
 13      0.0601560              0.6378330        
S   13
  1   7011.0800000             -0.0000060        
  2   1046.1000000             -0.0000540        
  3    230.4930000             -0.0001390        
  4     33.3218000             -0.0077180        
  5     20.8105000              0.0477700        
  6     12.9975000             -0.1303120        
  7      4.8305100              0.3691480        
  8      3.0155200              0.0873940        
  9      1.3706200             -0.3819580        
 10      0.7358360             -1.4316690        
 11      0.3788160              1.1436500        
 12      0.1335490              1.5516400        
 13      0.0601560             -1.0701580        
S   13
  1   7011.0800000             -0.0000110        
  2   1046.1000000             -0.0000760        
  3    230.4930000             -0.0003310        
  4     33.3218000             -0.0077450        
  5     20.8105000              0.0590240        
  6     12.9975000             -0.1882670        
  7      4.8305100              0.5902840        
  8      3.0155200              0.3330380        
  9      1.3706200             -2.0874360        
 10      0.7358360             -0.6503990        
 11      0.3788160              3.7087420        
 12      0.1335490             -2.6700620        
 13      0.0601560              0.0200220        
S   13
  1   7011.0800000             -0.0000160        
  2   1046.1000000             -0.0001130        
  3    230.4930000             -0.0005110        
  4     33.3218000             -0.0109830        
  5     20.8105000              0.0864930        
  6     12.9975000             -0.2861790        
  7      4.8305100              1.0012380        
  8      3.0155200              0.7225520        
  9      1.3706200             -7.6503270        
 10      0.7358360             10.7993970        
 11      0.3788160             -5.5917980        
 12      0.1335490             -0.4226910        
 13      0.0601560              2.7545010        
S   1
  1      0.0269230              1.0000000        
P   10
  1    165.0311000              0.0000940        
  2     10.7957000              0.0509640        
  3      6.7484100             -0.1500490        
  4      3.4824900             -0.1153530        
  5      1.9185300              0.2970100        
  6      1.0018800              0.4901870        
  7      0.5221550              0.3265400        
  8      0.2608820              0.0873840        
  9      0.1212740              0.0060650        
 10      0.0554020              0.0011260        
P   10
  1    165.0311000             -0.0000310        
  2     10.7957000             -0.0155010        
  3      6.7484100              0.0475240        
  4      3.4824900              0.0326450        
  5      1.9185300             -0.1022890        
  6      1.0018800             -0.1840740        
  7      0.5221550             -0.1346980        
  8      0.2608820              0.1036920        
  9      0.1212740              0.4224280        
 10      0.0554020              0.4828080        
P   10
  1    165.0311000             -0.0000510        
  2     10.7957000             -0.0254430        
  3      6.7484100              0.0778710        
  4      3.4824900              0.0573030        
  5      1.9185300             -0.1772360        
  6      1.0018800             -0.3257380        
  7      0.5221550             -0.1883490        
  8      0.2608820              0.3694040        
  9      0.1212740              0.6276010        
 10      0.0554020              0.2078840        
P   10
  1    165.0311000             -0.0000970        
  2     10.7957000             -0.0448590        
  3      6.7484100              0.1386420        
  4      3.4824900              0.1301660        
  5      1.9185300             -0.4343680        
  6      1.0018800             -0.7982230        
  7      0.5221550              0.5413080        
  8      0.2608820              1.2254840        
  9      0.1212740             -0.5919300        
 10      0.0554020             -0.5926290        
P   10
  1    165.0311000             -0.0002000        
  2     10.7957000             -0.0617730        
  3      6.7484100              0.1884450        
  4      3.4824900              0.4209310        
  5      1.9185300             -1.6231020        
  6      1.0018800             -0.2356560        
  7      0.5221550              2.8630840        
  8      0.2608820             -2.0324030        
  9      0.1212740             -0.4381220        
 10      0.0554020              0.9624810        
P   1
  1      0.0248480              1.0000000        
D   9
  1     71.1813000              0.0001750        
  2     19.5319000              0.0017220        
  3      7.2374300             -0.0138320        
  4      2.6113400              0.0740660        
  5      1.4773400              0.2185740        
  6      0.7880050              0.3134600        
  7      0.4049350              0.3079090        
  8      0.2003640              0.2213540        
  9      0.0949110              0.1051100        
D   9
  1     71.1813000             -0.0001940        
  2     19.5319000             -0.0017430        
  3      7.2374300              0.0144030        
  4      2.6113400             -0.0844590        
  5      1.4773400             -0.2669030        
  6      0.7880050             -0.3360340        
  7      0.4049350             -0.0315050        
  8      0.2003640              0.3870680        
  9      0.0949110              0.4744620        
D   9
  1     71.1813000              0.0003950        
  2     19.5319000              0.0025090        
  3      7.2374300             -0.0230280        
  4      2.6113400              0.1928110        
  5      1.4773400              0.5425200        
  6      0.7880050              0.1303490        
  7      0.4049350             -0.7811880        
  8      0.2003640             -0.3613460        
  9      0.0949110              0.5512450        
D   9
  1     71.1813000             -0.0002340        
  2     19.5319000             -0.0055190        
  3      7.2374300              0.0446410        
  4      2.6113400             -0.3882320        
  5      1.4773400             -0.8042540        
  6      0.7880050              1.1596620        
  7      0.4049350              0.5374260        
  8      0.2003640             -1.3024870        
  9      0.0949110              0.1537280        
D   1
  1      0.0419450              1.0000000        
F   1
  1      2.5389000              1.0000000        
F   1
  1      0.8280000              1.0000000        
F   1
  1      0.2700000              1.0000000        
G   1
  1      1.4683000              1.0000000        
G   1
  1      0.4823000              1.0000000        
H   1
  1      0.9932000              1.0000000

RUTHENIUM
S   13
  1   7269.8900000              0.0000110        
  2   1087.8400000              0.0000780        
  3    241.7870000              0.0003110        
  4     35.4525000              0.0087340        
  5     22.1415000             -0.0636040        
  6     13.8292000              0.1857150        
  7      5.1321300             -0.4544900        
  8      3.1705900             -0.2563420        
  9      1.4948700              0.5330450        
 10      0.8005300              0.6399720        
 11      0.4116380              0.2152730        
 12      0.1424170              0.0112610        
 13      0.0635630             -0.0000950        
S   13
  1   7269.8900000             -0.0000040        
  2   1087.8400000             -0.0000250        
  3    241.7870000             -0.0001060        
  4     35.4525000             -0.0024970        
  5     22.1415000              0.0188420        
  6     13.8292000             -0.0575810        
  7      5.1321300              0.1604580        
  8      3.1705900              0.0691260        
  9      1.4948700             -0.2039790        
 10      0.8005300             -0.3204980        
 11      0.4116380             -0.1746560        
 12      0.1424170              0.3326960        
 13      0.0635630              0.6303210        
S   13
  1   7269.8900000             -0.0000070        
  2   1087.8400000             -0.0000650        
  3    241.7870000             -0.0001740        
  4     35.4525000             -0.0083680        
  5     22.1415000              0.0517850        
  6     13.8292000             -0.1417710        
  7      5.1321300              0.4144270        
  8      3.1705900              0.0784730        
  9      1.4948700             -0.4446880        
 10      0.8005300             -1.4550350        
 11      0.4116380              1.2722320        
 12      0.1424170              1.4072450        
 13      0.0635630             -0.9996440        
S   13
  1   7269.8900000             -0.0000120        
  2   1087.8400000             -0.0000840        
  3    241.7870000             -0.0003620        
  4     35.4525000             -0.0076580        
  5     22.1415000              0.0584390        
  6     13.8292000             -0.1862370        
  7      5.1321300              0.5749660        
  8      3.1705900              0.4015520        
  9      1.4948700             -2.1997860        
 10      0.8005300             -0.4355220        
 11      0.4116380              3.4276070        
 12      0.1424170             -2.4454790        
 13      0.0635630             -0.1499430        
S   13
  1   7269.8900000             -0.0000160        
  2   1087.8400000             -0.0001810        
  3    241.7870000             -0.0003320        
  4     35.4525000             -0.0254290        
  5     22.1415000              0.1443970        
  6     13.8292000             -0.3836440        
  7      5.1321300              1.3902860        
  8      3.1705900              0.1271540        
  9      1.4948700             -6.8551520        
 10      0.8005300              9.6961050        
 11      0.4116380             -4.7399940        
 12      0.1424170             -0.9214660        
 13      0.0635630              3.0543570        
S   1
  1      0.0282960              1.0000000        
P   10
  1    174.3070000              0.0001030        
  2     11.5040000              0.0539940        
  3      7.1917600             -0.1610120        
  4      3.5749800             -0.1290380        
  5      2.1307800              0.3147630        
  6      1.0892200              0.5041410        
  7      0.5586370              0.3252710        
  8      0.2704770              0.0787020        
  9      0.1238960              0.0037630        
 10      0.0558230              0.0012860        
P   10
  1    174.3070000             -0.0000330        
  2     11.5040000             -0.0157130        
  3      7.1917600              0.0487720        
  4      3.5749800              0.0351930        
  5      2.1307800             -0.1032230        
  6      1.0892200             -0.1811150        
  7      0.5586370             -0.1243880        
  8      0.2704770              0.1120280        
  9      0.1238960              0.4225110        
 10      0.0558230              0.4772310        
P   10
  1    174.3070000             -0.0000610        
  2     11.5040000             -0.0287850        
  3      7.1917600              0.0893050        
  4      3.5749800              0.0707170        
  5      2.1307800             -0.2047470        
  6      1.0892200             -0.3715110        
  7      0.5586370             -0.1436350        
  8      0.2704770              0.4622210        
  9      0.1238960              0.5855810        
 10      0.0558230              0.1507490        
P   10
  1    174.3070000              0.0001120        
  2     11.5040000              0.0492620        
  3      7.1917600             -0.1538200        
  4      3.5749800             -0.1731520        
  5      2.1307800              0.5309750        
  6      1.0892200              0.8176260        
  7      0.5586370             -0.7867320        
  8      0.2704770             -1.0474860        
  9      0.1238960              0.7549080        
 10      0.0558230              0.4632510        
P   10
  1    174.3070000             -0.0002500        
  2     11.5040000             -0.0629920        
  3      7.1917600              0.1916210        
  4      3.5749800              0.6528290        
  5      2.1307800             -2.1533740        
  6      1.0892200              0.4094420        
  7      0.5586370              2.4570950        
  8      0.2704770             -2.2868480        
  9      0.1238960              0.0777690        
 10      0.0558230              0.7656040        
P   1
  1      0.0248420              1.0000000        
D   9
  1     75.3751000              0.0001800        
  2     19.8901000              0.0020840        
  3      7.8792400             -0.0186710        
  4      2.9083400              0.0780540        
  5      1.6388300              0.2263280        
  6      0.8757300              0.3171000        
  7      0.4504830              0.3050360        
  8      0.2227700              0.2151500        
  9      0.1053420              0.0997580        
D   9
  1     75.3751000             -0.0002030        
  2     19.8901000             -0.0020860        
  3      7.8792400              0.0194280        
  4      2.9083400             -0.0871060        
  5      1.6388300             -0.2864130        
  6      0.8757300             -0.3319080        
  7      0.4504830             -0.0021210        
  8      0.2227700              0.4023550        
  9      0.1053420              0.4543320        
D   9
  1     75.3751000             -0.0003550        
  2     19.8901000             -0.0031930        
  3      7.8792400              0.0319560        
  4      2.9083400             -0.1855990        
  5      1.6388300             -0.5831850        
  6      0.8757300             -0.0727660        
  7      0.4504830              0.7987070        
  8      0.2227700              0.3016360        
  9      0.1053420             -0.5409680        
D   9
  1     75.3751000             -0.0001820        
  2     19.8901000             -0.0072830        
  3      7.8792400              0.0616630        
  4      2.9083400             -0.4441680        
  5      1.6388300             -0.7998390        
  6      0.8757300              1.3061620        
  7      0.4504830              0.3470880        
  8      0.2227700             -1.2223020        
  9      0.1053420              0.1744000        
D   1
  1      0.0464550              1.0000000        
F   1
  1      2.8980000              1.0000000        
F   1
  1      0.9588000              1.0000000        
F   1
  1      0.3172000              1.0000000        
G   1
  1      1.7100000              1.0000000        
G   1
  1      0.5778000              1.0000000        
H   1
  1      1.1646000              1.0000000

RHODIUM
S   13
  1   7374.2200000              0.0000130        
  2   1114.7200000              0.0000920        
  3    249.9380000              0.0003570        
  4     37.5315000              0.0091740        
  5     23.4385000             -0.0666920        
  6     14.6379000              0.1956740        
  7      5.5542100             -0.4574820        
  8      3.4224200             -0.2746970        
  9      1.6492800              0.5224540        
 10      0.8832260              0.6524920        
 11      0.4519700              0.2257080        
 12      0.1530060              0.0117950        
 13      0.0678490             -0.0001350        
S   13
  1   7374.2200000             -0.0000040        
  2   1114.7200000             -0.0000290        
  3    249.9380000             -0.0001190        
  4     37.5315000             -0.0025760        
  5     23.4385000              0.0194110        
  6     14.6379000             -0.0596780        
  7      5.5542100              0.1589680        
  8      3.4224200              0.0738260        
  9      1.6492800             -0.1968910        
 10      0.8832260             -0.3141660        
 11      0.4519700             -0.1768790        
 12      0.1530060              0.3157110        
 13      0.0678490              0.6247220        
S   13
  1   7374.2200000             -0.0000090        
  2   1114.7200000             -0.0000760        
  3    249.9380000             -0.0002050        
  4     37.5315000             -0.0086430        
  5     23.4385000              0.0537070        
  6     14.6379000             -0.1483390        
  7      5.5542100              0.4122880        
  8      3.4224200              0.1007430        
  9      1.6492800             -0.4427320        
 10      0.8832260             -1.4323570        
 11      0.4519700              1.2199820        
 12      0.1530060              1.3428560        
 13      0.0678490             -0.8361540        
S   13
  1   7374.2200000             -0.0000140        
  2   1114.7200000             -0.0000950        
  3    249.9380000             -0.0003820        
  4     37.5315000             -0.0080940        
  5     23.4385000              0.0598120        
  6     14.6379000             -0.1876680        
  7      5.5542100              0.5255080        
  8      3.4224200              0.4667230        
  9      1.6492800             -2.0232050        
 10      0.8832260             -0.6914780        
 11      0.4519700              3.3320100        
 12      0.1530060             -1.9922090        
 13      0.0678490             -0.6067250        
S   13
  1   7374.2200000             -0.0000200        
  2   1114.7200000             -0.0002080        
  3    249.9380000             -0.0003950        
  4     37.5315000             -0.0264950        
  5     23.4385000              0.1507880        
  6     14.6379000             -0.4024970        
  7      5.5542100              1.3689580        
  8      3.4224200              0.2373890        
  9      1.6492800             -6.6015610        
 10      0.8832260              8.6166140        
 11      0.4519700             -3.5310110        
 12      0.1530060             -1.7537080        
 13      0.0678490              3.5259850        
S   1
  1      0.0299320              1.0000000        
P   10
  1    186.8620000              0.0001090        
  2     12.3059000              0.0560310        
  3      7.6935800             -0.1675940        
  4      3.7795600             -0.1363730        
  5      2.3232600              0.3251810        
  6      1.1847300              0.5055390        
  7      0.6092370              0.3232040        
  8      0.2968270              0.0788210        
  9      0.1372710              0.0040650        
 10      0.0621260              0.0012500        
P   10
  1    186.8620000             -0.0000350        
  2     12.3059000             -0.0167420        
  3      7.6935800              0.0520850        
  4      3.7795600              0.0385720        
  5      2.3232600             -0.1095340        
  6      1.1847300             -0.1882860        
  7      0.6092370             -0.1245600        
  8      0.2968270              0.1171100        
  9      0.1372710              0.4230670        
 10      0.0621260              0.4736850        
P   10
  1    186.8620000             -0.0000680        
  2     12.3059000             -0.0314700        
  3      7.6935800              0.0979240        
  4      3.7795600              0.0812320        
  5      2.3232600             -0.2287880        
  6      1.1847300             -0.4007930        
  7      0.6092370             -0.1097740        
  8      0.2968270              0.4791740        
  9      0.1372710              0.5581190        
 10      0.0621260              0.1517420        
P   10
  1    186.8620000              0.0001220        
  2     12.3059000              0.0521280        
  3      7.6935800             -0.1624920        
  4      3.7795600             -0.2125080        
  5      2.3232600              0.6239090        
  6      1.1847300              0.7831600        
  7      0.6092370             -0.8575390        
  8      0.2968270             -0.9666410        
  9      0.1372710              0.7421150        
 10      0.0621260              0.4634940        
P   10
  1    186.8620000              0.0002540        
  2     12.3059000              0.0713490        
  3      7.6935800             -0.2177380        
  4      3.7795600             -0.7639570        
  5      2.3232600              2.4866360        
  6      1.1847300             -0.8314040        
  7      0.6092370             -2.1695430        
  8      0.2968270              2.2490950        
  9      0.1372710             -0.1275420        
 10      0.0621260             -0.7284670        
P   1
  1      0.0276060              1.0000000        
D   9
  1     80.6204000              0.0002370        
  2     22.1259000              0.0022370        
  3      7.9583400             -0.0176500        
  4      3.1956900              0.0788370        
  5      1.8113700              0.2317500        
  6      0.9713830              0.3192230        
  7      0.5017970              0.3020620        
  8      0.2490680              0.2104350        
  9      0.1179700              0.0966100        
D   9
  1     80.6204000             -0.0002760        
  2     22.1259000             -0.0023470        
  3      7.9583400              0.0190780        
  4      3.1956900             -0.0936260        
  5      1.8113700             -0.3085340        
  6      0.9713830             -0.3262390        
  7      0.5017970              0.0310980        
  8      0.2490680              0.4099490        
  9      0.1179700              0.4368930        
D   9
  1     80.6204000             -0.0004280        
  2     22.1259000             -0.0036360        
  3      7.9583400              0.0308490        
  4      3.1956900             -0.1829010        
  5      1.8113700             -0.6144640        
  6      0.9713830             -0.0158290        
  7      0.5017970              0.8110440        
  8      0.2490680              0.2541130        
  9      0.1179700             -0.5519210        
D   9
  1     80.6204000             -0.0002410        
  2     22.1259000             -0.0084470        
  3      7.9583400              0.0698380        
  4      3.1956900             -0.5173290        
  5      1.8113700             -0.7709280        
  6      0.9713830              1.4511960        
  7      0.5017970              0.1698730        
  8      0.2490680             -1.1898870        
  9      0.1179700              0.2468430        
D   1
  1      0.0519500              1.0000000        
F   1
  1      3.3131000              1.0000000        
F   1
  1      1.1058000              1.0000000        
F   1
  1      0.3691000              1.0000000        
G   1
  1      1.9565000              1.0000000        
G   1
  1      0.6740000              1.0000000        
H   1
  1      1.3436000              1.0000000

PALLADIUM
S   13
  1   7844.8900000              0.0000150        
  2   1169.5300000              0.0001070        
  3    259.6440000              0.0004120        
  4     39.2211000              0.0098640        
  5     24.4934000             -0.0719220        
  6     15.2969000              0.2128330        
  7      6.0389600             -0.4542200        
  8      3.7622800             -0.2996210        
  9      1.8071000              0.5046120        
 10      0.9743050              0.6622770        
 11      0.4972030              0.2406810        
 12      0.1620200              0.0126460        
 13      0.0714600             -0.0004720        
S   13
  1   7844.8900000             -0.0000050        
  2   1169.5300000             -0.0000330        
  3    259.6440000             -0.0001350        
  4     39.2211000             -0.0027160        
  5     24.4934000              0.0205170        
  6     15.2969000             -0.0636890        
  7      6.0389600              0.1551180        
  8      3.7622800              0.0800520        
  9      1.8071000             -0.1865700        
 10      0.9743050             -0.3054990        
 11      0.4972030             -0.1813090        
 12      0.1620200              0.3039740        
 13      0.0714600              0.6177640        
S   13
  1   7844.8900000             -0.0000100        
  2   1169.5300000             -0.0000840        
  3    259.6440000             -0.0002300        
  4     39.2211000             -0.0090740        
  5     24.4934000              0.0563390        
  6     15.2969000             -0.1563130        
  7      6.0389600              0.3943670        
  8      3.7622800              0.1184910        
  9      1.8071000             -0.3911140        
 10      0.9743050             -1.3967980        
 11      0.4972030              1.1011240        
 12      0.1620200              1.3128540        
 13      0.0714600             -0.6576300        
S   13
  1   7844.8900000              0.0000020        
  2   1169.5300000              0.0000150        
  3    259.6440000              0.0000580        
  4     39.2211000              0.0012900        
  5     24.4934000             -0.0092020        
  6     15.2969000              0.0283700        
  7      6.0389600             -0.0690030        
  8      3.7622800             -0.0717590        
  9      1.8071000              0.2549580        
 10      0.9743050              0.1451930        
 11      0.4972030             -0.4647570        
 12      0.1620200              0.2244370        
 13      0.0714600              0.1291750        
S   13
  1   7844.8900000             -0.0000150        
  2   1169.5300000             -0.0001090        
  3    259.6440000             -0.0004080        
  4     39.2211000             -0.0090780        
  5     24.4934000              0.0648030        
  6     15.2969000             -0.1999130        
  7      6.0389600              0.4866890        
  8      3.7622800              0.5061480        
  9      1.8071000             -1.8058520        
 10      0.9743050             -1.0058890        
 11      0.4972030              3.2670160        
 12      0.1620200             -1.5764190        
 13      0.0714600             -0.9382990        
S   1
  1      0.0313100              1.0000000        
P   10
  1     98.8243000              0.0003180        
  2     27.9859000             -0.0046710        
  3     17.4873000              0.0292410        
  4      6.7863800             -0.1992820        
  5      1.9878800              0.4101390        
  6      1.0657300              0.4471440        
  7      0.5838290              0.2362210        
  8      0.3146360              0.0624690        
  9      0.1357370              0.0060750        
 10      0.0602770             -0.0000850        
P   10
  1     98.8243000             -0.0000510        
  2     27.9859000              0.0006780        
  3     17.4873000             -0.0066790        
  4      6.7863800              0.0544150        
  5      1.9878800             -0.1382020        
  6      1.0657300             -0.1410000        
  7      0.5838290             -0.1010710        
  8      0.3146360              0.1265930        
  9      0.1357370              0.4211200        
 10      0.0602770              0.4722370        
P   10
  1     98.8243000             -0.0001660        
  2     27.9859000              0.0022660        
  3     17.4873000             -0.0161180        
  4      6.7863800              0.1219530        
  5      1.9878800             -0.3403790        
  6      1.0657300             -0.3281810        
  7      0.5838290             -0.0330520        
  8      0.3146360              0.5487950        
  9      0.1357370              0.5332220        
 10      0.0602770              0.0994340        
P   10
  1     98.8243000              0.0004190        
  2     27.9859000             -0.0058840        
  3     17.4873000              0.0317000        
  4      6.7863800             -0.2240400        
  5      1.9878800              0.8656960        
  6      1.0657300              0.3452800        
  7      0.5838290             -0.9931720        
  8      0.3146360             -0.6775520        
  9      0.1357370              0.7731840        
 10      0.0602770              0.3765310        
P   10
  1     98.8243000              0.0000090        
  2     27.9859000             -0.0013240        
  3     17.4873000              0.0372040        
  4      6.7863800             -0.3882460        
  5      1.9878800              2.6384130        
  6      1.0657300             -2.7457290        
  7      0.5838290             -0.6384020        
  8      0.3146360              1.9045610        
  9      0.1357370             -0.1954810        
 10      0.0602770             -0.6798620        
P   1
  1      0.0265400              1.0000000        
D   9
  1     78.3406000              0.0003190        
  2     21.0235000              0.0031690        
  3      7.5187300             -0.0301280        
  4      3.6893300              0.0820580        
  5      2.0193400              0.2405330        
  6      1.0717600              0.3254140        
  7      0.5516620              0.3009480        
  8      0.2739330              0.2050090        
  9      0.1301110              0.0921770        
D   9
  1     78.3406000             -0.0003900        
  2     21.0235000             -0.0033600        
  3      7.5187300              0.0334560        
  4      3.6893300             -0.0998880        
  5      2.0193400             -0.3344540        
  6      1.0717600             -0.3267360        
  7      0.5516620              0.0663700        
  8      0.2739330              0.4205140        
  9      0.1301110              0.4170070        
D   9
  1     78.3406000             -0.0005710        
  2     21.0235000             -0.0049650        
  3      7.5187300              0.0523140        
  4      3.6893300             -0.1757260        
  5      2.0193400             -0.6558300        
  6      1.0717600              0.0297190        
  7      0.5516620              0.8321610        
  8      0.2739330              0.1960240        
  9      0.1301110             -0.5651970        
D   9
  1     78.3406000             -0.0004130        
  2     21.0235000             -0.0116470        
  3      7.5187300              0.1255530        
  4      3.6893300             -0.5684920        
  5      2.0193400             -0.7972550        
  6      1.0717600              1.5702270        
  7      0.5516620              0.0164980        
  8      0.2739330             -1.1631360        
  9      0.1301110              0.3227120        
D   1
  1      0.0574730              1.0000000        
F   1
  1      3.7196000              1.0000000        
F   1
  1      1.2537000              1.0000000        
F   1
  1      0.4226000              1.0000000        
G   1
  1      2.2230000              1.0000000        
G   1
  1      0.7801000              1.0000000        
H   1
  1      1.5307000              1.0000000


