NEON
S   14
  1 23015748.0000000            0.96756722E-07   
  2 3406478.0000000             0.76022733E-06   
  3 766405.0000000              0.41194508E-05   
  4 209480.0000000              0.18538108E-04   
  5  65557.0000000              0.71219188E-04   
  6  22993.0000000              0.23862683E-03   
  7   8855.0800000              0.72101492E-03   
  8   3650.9900000              0.20419452E-02   
  9   1573.2200000              0.55616242E-02   
 10    697.0050000              0.014639531      
 11    315.6520000              0.036543265      
 12    146.4430000              0.083450105      
 13     69.7874000              0.166351823      
 14     34.1501000              0.270049550      
S   14
  1 23015748.0000000           -0.22720964E-07   
  2 3406478.0000000            -0.17853772E-06   
  3 766405.0000000             -0.96732804E-06   
  4 209480.0000000             -0.43539656E-05   
  5  65557.0000000             -0.16725280E-04   
  6  22993.0000000             -0.56068386E-04   
  7   8855.0800000             -0.16947290E-03   
  8   3650.9900000             -0.48085599E-03   
  9   1573.2200000             -0.13136901E-02   
 10    697.0050000             -0.34855166E-02   
 11    315.6520000             -0.88381618E-02   
 12    146.4430000             -0.020871370      
 13     69.7874000             -0.044373979      
 14     34.1501000             -0.081942970      
S   1
  1     17.1191000              1.0000000        
S   1
  1      8.7124390              1.0000000        
S   1
  1      4.3897130              1.0000000        
S   1
  1      2.1972220              1.0000000        
S   1
  1      1.0830370              1.0000000        
S   1
  1      0.5339870              1.0000000        
S   1
  1      0.2628700              1.0000000        
S   1
  1      0.1190390              1.0000000        
P   8
  1  11543.6000000              0.17507069E-05   
  2   2912.1500000              0.13632768E-04   
  3    997.6840000              0.75339633E-04   
  4    383.6430000              0.36253157E-03   
  5    158.5310000              0.15198830E-02   
  6     69.5342000              0.54886444E-02   
  7     32.0060000              0.017020535      
  8     15.2805000              0.045765537      
P   1
  1      7.5090010              1.0000000        
P   1
  1      3.7621380              1.0000000        
P   1
  1      1.8983760              1.0000000        
P   1
  1      0.9575798              1.0000000        
P   1
  1      0.4820758              1.0000000        
P   1
  1      0.2419713              1.0000000        
P   1
  1      0.1195759              1.0000000        
P   1
  1      0.0485331              1.0000000        
D   1
  1     34.5892700              1.0000000        
D   1
  1     18.0557400              1.0000000        
D   1
  1      9.4251750              1.0000000        
D   1
  1      4.9199810              1.0000000        
D   1
  1      2.5682510              1.0000000        
D   1
  1      1.3406380              1.0000000        
D   1
  1      0.6998190              1.0000000        
D   1
  1      0.3653080              1.0000000        
F   1
  1     19.5670000              1.0000000        
F   1
  1     10.7811600              1.0000000        
F   1
  1      5.9393720              1.0000000        
F   1
  1      3.2720160              1.0000000        
F   1
  1      1.8025620              1.0000000        
F   1
  1      0.9930360              1.0000000        
F   1
  1      0.5470660              1.0000000        
G   1
  1     21.3683600              1.0000000        
G   1
  1     11.4364600              1.0000000        
G   1
  1      6.1208540              1.0000000        
G   1
  1      3.2759130              1.0000000        
G   1
  1      1.7532860              1.0000000        
G   1
  1      0.9383680              1.0000000        
H   1
  1     14.4302300              1.0000000        
H   1
  1      7.8682310              1.0000000        
H   1
  1      4.2902340              1.0000000        
H   1
  1      2.3392940              1.0000000        
H   1
  1      1.2755240              1.0000000        
I   1
  1     14.8201500              1.0000000        
I   1
  1      7.6470650              1.0000000        
I   1
  1      3.9458160              1.0000000        
I   1
  1      2.0360050              1.0000000        
K   1
  1     10.5840000              1.0000000        
K   1
  1      5.0400000              1.0000000        
K   1
  1      2.4000000              1.0000000        
L   1
  1      9.4532250              1.0000000        
L   1
  1      4.4606900              1.0000000        
M   1
  1      6.4900000              1.0000000


