HAFNIUM
S   7
  1     29.2650000              0.0294330        
  2     18.3491000             -0.1987340        
  3     11.5257000              0.4359330        
  4      4.3859900             -0.7730970        
  5      0.8910800              0.8677580        
  6      0.4057400              0.4202920        
  7      0.0950670              0.0131930        
S   7
  1     29.2650000             -0.0090770        
  2     18.3491000              0.0611920        
  3     11.5257000             -0.1354740        
  4      4.3859900              0.2530470        
  5      0.8910800             -0.3699320        
  6      0.4057400             -0.3314430        
  7      0.0950670              0.6577990        
S   7
  1     29.2650000              0.0309420        
  2     18.3491000             -0.1631770        
  3     11.5257000              0.3100050        
  4      4.3859900             -0.5289420        
  5      0.8910800              1.2562440        
  6      0.4057400             -0.4970260        
  7      0.0950670             -1.8102840        
S   1
  1      0.0358680              1.0000000        
P   6
  1      7.1199600              0.1786130        
  2      4.6018200             -0.5085500        
  3      2.9004600              0.1812060        
  4      0.9377910              0.6364370        
  5      0.3915000              0.4348840        
  6      0.1071520              0.0442170        
P   6
  1      7.1199600             -0.0485910        
  2      4.6018200              0.1398590        
  3      2.9004600             -0.0462230        
  4      0.9377910             -0.2282940        
  5      0.3915000             -0.1575630        
  6      0.1071520              0.5288190        
P   6
  1      7.1199600             -0.0658780        
  2      4.6018200              0.1871460        
  3      2.9004600             -0.0488380        
  4      0.9377910             -0.3615180        
  5      0.3915000             -0.1743340        
  6      0.1071520              0.9190410        
P   1
  1      0.0367710              1.0000000        
D   5
  1      7.4982700              0.0144910        
  2      4.6961800             -0.0529680        
  3      1.0636000              0.2380440        
  4      0.4188210              0.4352750        
  5      0.1545660              0.4244200        
D   5
  1      7.4982700             -0.0165460        
  2      4.6961800              0.0618730        
  3      1.0636000             -0.3167410        
  4      0.4188210             -0.5274120        
  5      0.1545660              0.3428660        
D   1
  1      0.0526440              1.0000000        
F   1
  1      0.2700000              1.0000000

TANTALUM
S   7
  1     29.8670000              0.0287250        
  2     18.7203000             -0.1985810        
  3     11.7533000              0.4482880        
  4      4.5708900             -0.7983960        
  5      0.9478400              0.8861040        
  6      0.4340380              0.4136940        
  7      0.1050310              0.0121460        
S   7
  1     29.8670000             -0.0091320        
  2     18.7203000              0.0630170        
  3     11.7533000             -0.1437480        
  4      4.5708900              0.2705360        
  5      0.9478400             -0.4015970        
  6      0.4340380             -0.3195670        
  7      0.1050310              0.6651050        
S   7
  1     29.8670000              0.0324720        
  2     18.7203000             -0.1723550        
  3     11.7533000              0.3341840        
  4      4.5708900             -0.5725580        
  5      0.9478400              1.3652610        
  6      0.4340380             -0.6032250        
  7      0.1050310             -1.7315730        
S   1
  1      0.0389480              1.0000000        
P   6
  1      7.3652400              0.1796820        
  2      4.7544000             -0.5211000        
  3      2.9959500              0.1911040        
  4      0.9941230              0.6464550        
  5      0.4196000              0.4240400        
  6      0.1182390              0.0425600        
P   6
  1      7.3652400             -0.0508780        
  2      4.7544000              0.1495500        
  3      2.9959500             -0.0507540        
  4      0.9941230             -0.2483790        
  5      0.4196000             -0.1478010        
  6      0.1182390              0.5415390        
P   6
  1      7.3652400             -0.0697670        
  2      4.7544000              0.2016550        
  3      2.9959500             -0.0482900        
  4      0.9941230             -0.4247200        
  5      0.4196000             -0.1275720        
  6      0.1182390              0.9415430        
P   1
  1      0.0401010              1.0000000        
D   5
  1      7.5616000              0.0178690        
  2      4.7408700             -0.0661360        
  3      1.1697500              0.2554580        
  4      0.4793100              0.4454920        
  5      0.1837040              0.4029670        
D   5
  1      7.5616000             -0.0205840        
  2      4.7408700              0.0780240        
  3      1.1697500             -0.3544000        
  4      0.4793100             -0.5155940        
  5      0.1837040              0.4207610        
D   1
  1      0.0644090              1.0000000        
F   1
  1      0.3735000              1.0000000

TUNGSTEN
S   7
  1     31.1844000              0.0268990        
  2     19.5385000             -0.1892380        
  3     12.2602000              0.4339650        
  4      4.7203700             -0.8043720        
  5      1.0095700              0.9015400        
  6      0.4634560              0.4101950        
  7      0.1137920              0.0110440        
S   7
  1     31.1844000             -0.0086330        
  2     19.5385000              0.0609770        
  3     12.2602000             -0.1418640        
  4      4.7203700              0.2797320        
  5      1.0095700             -0.4285050        
  6      0.4634560             -0.3050150        
  7      0.1137920              0.6713040        
S   7
  1     31.1844000              0.0314780        
  2     19.5385000             -0.1676990        
  3     12.2602000              0.3282920        
  4      4.7203700             -0.5865250        
  5      1.0095700              1.4154490        
  6      0.4634560             -0.6488270        
  7      0.1137920             -1.6892530        
S   1
  1      0.0416420              1.0000000        
P   6
  1      7.7873800              0.1852090        
  2      5.0493000             -0.5283120        
  3      3.1860200              0.1871580        
  4      1.0593700              0.6560130        
  5      0.4491060              0.4179250        
  6      0.1276250              0.0409650        
P   6
  1      7.7873800             -0.0535080        
  2      5.0493000              0.1546790        
  3      3.1860200             -0.0504270        
  4      1.0593700             -0.2604500        
  5      0.4491060             -0.1384050        
  6      0.1276250              0.5459010        
P   6
  1      7.7873800             -0.0749390        
  2      5.0493000              0.2120220        
  3      3.1860200             -0.0424460        
  4      1.0593700             -0.4793750        
  5      0.4491060             -0.0766750        
  6      0.1276250              0.9477960        
P   1
  1      0.0427440              1.0000000        
D   5
  1      8.3098300              0.0219490        
  2      5.2246300             -0.0773760        
  3      1.2952900              0.2632410        
  4      0.5397610              0.4595460        
  5      0.2089270              0.3922120        
D   5
  1      8.3098300             -0.0263810        
  2      5.2246300              0.0952520        
  3      1.2952900             -0.3960520        
  4      0.5397610             -0.5079960        
  5      0.2089270              0.5236000        
D   1
  1      0.0731130              1.0000000        
F   1
  1      0.4769000              1.0000000

RHENIUM
S   7
  1     33.0133000              0.0221330        
  2     20.6658000             -0.1618310        
  3     12.9498000              0.3812300        
  4      4.7782300             -0.7875220        
  5      1.0858000              0.8980810        
  6      0.5000250              0.4224690        
  7      0.1210690              0.0172060        
S   7
  1     33.0133000             -0.0070680        
  2     20.6658000              0.0530520        
  3     12.9498000             -0.1282310        
  4      4.7782300              0.2853960        
  5      1.0858000             -0.4487810        
  6      0.5000250             -0.2976680        
  7      0.1210690              0.6634730        
S   7
  1     33.0133000              0.0274240        
  2     20.6658000             -0.1468310        
  3     12.9498000              0.2908580        
  4      4.7782300             -0.5801000        
  5      1.0858000              1.4204980        
  6      0.5000250             -0.6321790        
  7      0.1210690             -1.6875030        
S   1
  1      0.0438810              1.0000000        
P   6
  1      8.6759800              0.1394900        
  2      5.6538200             -0.3569770        
  3      1.4063900              0.4818040        
  4      0.6920560              0.5117960        
  5      0.3163520              0.1708180        
  6      0.1093090              0.0097820        
P   6
  1      8.6759800             -0.0412390        
  2      5.6538200              0.1083450        
  3      1.4063900             -0.1688840        
  4      0.6920560             -0.2386860        
  5      0.3163520              0.0632430        
  6      0.1093090              0.6102210        
P   6
  1      8.6759800             -0.0651350        
  2      5.6538200              0.1725300        
  3      1.4063900             -0.2649320        
  4      0.6920560             -0.4743410        
  5      0.3163520              0.3991830        
  6      0.1093090              0.8030920        
P   1
  1      0.0385810              1.0000000        
D   5
  1      8.6719700              0.0171910        
  2      5.4414200             -0.0665390        
  3      1.3750800              0.2711570        
  4      0.5838300              0.4487710        
  5      0.2293620              0.3778590        
D   5
  1      8.6719700             -0.0203340        
  2      5.4414200              0.0775390        
  3      1.3750800             -0.3686920        
  4      0.5838300             -0.4745880        
  5      0.2293620              0.4599950        
D   1
  1      0.0808850              1.0000000        
F   1
  1      0.5533000              1.0000000

OSMIUM
S   7
  1     34.5933000              0.0194050        
  2     21.6442000             -0.1468750        
  3     13.5521000              0.3551890        
  4      4.8950800             -0.7883690        
  5      1.1634600              0.9033000        
  6      0.5380840              0.4302560        
  7      0.1306730              0.0181640        
S   7
  1     34.5933000             -0.0059240        
  2     21.6442000              0.0475810        
  3     13.5521000             -0.1198590        
  4      4.8950800              0.2905900        
  5      1.1634600             -0.4633260        
  6      0.5380840             -0.2910580        
  7      0.1306730              0.6489970        
S   7
  1     34.5933000              0.0286790        
  2     21.6442000             -0.1533520        
  3     13.5521000              0.3066570        
  4      4.8950800             -0.6590400        
  5      1.1634600              1.6880660        
  6      0.5380840             -0.9098660        
  7      0.1306730             -1.5178370        
S   1
  1      0.0469820              1.0000000        
P   6
  1      9.1259400              0.1316100        
  2      5.8907300             -0.3487910        
  3      1.4397800              0.5276330        
  4      0.6929760              0.5000040        
  5      0.3084380              0.1387070        
  6      0.1086800              0.0055910        
P   6
  1      9.1259400             -0.0379630        
  2      5.8907300              0.1036120        
  3      1.4397800             -0.1857190        
  4      0.6929760             -0.2213770        
  5      0.3084380              0.0960590        
  6      0.1086800              0.6029380        
P   6
  1      9.1259400             -0.0676070        
  2      5.8907300              0.1858450        
  3      1.4397800             -0.3480470        
  4      0.6929760             -0.4511480        
  5      0.3084380              0.5586130        
  6      0.1086800              0.7068530        
P   1
  1      0.0381830              1.0000000        
D   5
  1      9.3395000              0.0158420        
  2      5.8557100             -0.0635100        
  3      1.4647600              0.2828700        
  4      0.6312200              0.4507810        
  5      0.2506620              0.3664550        
D   5
  1      9.3395000             -0.0209240        
  2      5.8557100              0.0807150        
  3      1.4647600             -0.4242800        
  4      0.6312200             -0.4620180        
  5      0.2506620              0.5555660        
D   1
  1      0.0891640              1.0000000        
F   1
  1      0.6278000              1.0000000

IRIDIUM
S   7
  1     36.0577000              0.0172890        
  2     22.5516000             -0.1359910        
  3     14.1116000              0.3386690        
  4      5.0447500             -0.7941690        
  5      1.2441700              0.9080010        
  6      0.5769240              0.4378070        
  7      0.1394660              0.0187690        
S   7
  1     36.0577000             -0.0049480        
  2     22.5516000              0.0431240        
  3     14.1116000             -0.1138030        
  4      5.0447500              0.2953180        
  5      1.2441700             -0.4732180        
  6      0.5769240             -0.2840000        
  7      0.1394660              0.6351880        
S   7
  1     36.0577000              0.0290550        
  2     22.5516000             -0.1546790        
  3     14.1116000              0.3116730        
  4      5.0447500             -0.7039290        
  5      1.2441700              1.8161160        
  6      0.5769240             -1.0291110        
  7      0.1394660             -1.4393180        
S   1
  1      0.0497400              1.0000000        
P   6
  1      9.5858000              0.1256510        
  2      6.1408800             -0.3433060        
  3      1.4976000              0.5536780        
  4      0.7141440              0.4910420        
  5      0.3120660              0.1228370        
  6      0.1151600              0.0033780        
P   6
  1      9.5858000             -0.0379390        
  2      6.1408800              0.1069870        
  3      1.4976000             -0.2083670        
  4      0.7141440             -0.2217720        
  5      0.3120660              0.1266520        
  6      0.1151600              0.6103680        
P   6
  1      9.5858000             -0.0740030        
  2      6.1408800              0.2101790        
  3      1.4976000             -0.4612670        
  4      0.7141440             -0.3768670        
  5      0.3120660              0.6521120        
  6      0.1151600              0.6073860        
P   1
  1      0.0412770              1.0000000        
D   5
  1      9.9606900              0.0154630        
  2      6.2430300             -0.0631200        
  3      1.5631700              0.2923090        
  4      0.6819400              0.4527480        
  5      0.2734460              0.3571590        
D   5
  1      9.9606900             -0.0198010        
  2      6.2430300              0.0777020        
  3      1.5631700             -0.4252400        
  4      0.6819400             -0.4331870        
  5      0.2734460              0.4752470        
D   1
  1      0.0980080              1.0000000        
F   1
  1      0.7127000              1.0000000

PLATINUM
S   7
  1     37.3750000              0.0156980        
  2     23.3685000             -0.1285150        
  3     14.6164000              0.3299960        
  4      5.2209620             -0.8039770        
  5      1.3267320              0.9127650        
  6      0.6163210              0.4444260        
  7      0.1480680              0.0192250        
S   7
  1     37.3750000             -0.0041400        
  2     23.3685000              0.0396870        
  3     14.6164000             -0.1100630        
  4      5.2209620              0.3003960        
  5      1.3267320             -0.4809750        
  6      0.6163210             -0.2769970        
  7      0.1480680              0.6216130        
S   7
  1     37.3750000              0.0303040        
  2     23.3685000             -0.1595530        
  3     14.6164000              0.3222870        
  4      5.2209620             -0.7469090        
  5      1.3267320              1.9183060        
  6      0.6163210             -1.1164460        
  7      0.1480680             -1.3836520        
S   1
  1      0.0523910              1.0000000        
P   6
  1      9.9926800              0.1240460        
  2      6.3831700             -0.3446320        
  3      1.5696500              0.5711200        
  4      0.7427790              0.4873560        
  5      0.3180200              0.1119590        
  6      0.1141460              0.0019280        
P   6
  1      9.9926800             -0.0346870        
  2      6.3831700              0.0999320        
  3      1.5696500             -0.2018840        
  4      0.7427790             -0.1984590        
  5      0.3180200              0.1230340        
  6      0.1141460              0.5955770        
P   6
  1      9.9926800             -0.0771530        
  2      6.3831700              0.2234940        
  3      1.5696500             -0.5228040        
  4      0.7427790             -0.3298980        
  5      0.3180200              0.7297730        
  6      0.1141460              0.5372880        
P   1
  1      0.0398630              1.0000000        
D   5
  1     10.4126000              0.0150800        
  2      6.5226600             -0.0622950        
  3      1.6643000              0.3006490        
  4      0.7342080              0.4539610        
  5      0.2974070              0.3490010        
D   5
  1     10.4126000             -0.0198660        
  2      6.5226600              0.0796630        
  3      1.6643000             -0.4687940        
  4      0.7342080             -0.4051740        
  5      0.2974070              0.5192890        
D   1
  1      0.1075990              1.0000000        
F   1
  1      0.8018000              1.0000000


