HAFNIUM
S   15
  1    127.7480000             -0.0002650        
  2     79.4716000              0.0018600        
  3     45.4455000             -0.0136810        
  4     28.3815000              0.0789220        
  5     17.7268000             -0.3294260        
  6     11.0709000              0.7341460        
  7      6.8945900             -0.4835410        
  8      3.5486400             -0.5526670        
  9      1.9669700             -0.0048260        
 10      1.1896700              0.4295130        
 11      0.7225180              0.5705330        
 12      0.4164450              0.3115260        
 13      0.2308050              0.0487760        
 14      0.1037990              0.0014650        
 15      0.0497170             -0.0014370        
S   15
  1    127.7480000              0.0000500        
  2     79.4716000             -0.0004020        
  3     45.4455000              0.0034560        
  4     28.3815000             -0.0219560        
  5     17.7268000              0.0967560        
  6     11.0709000             -0.2227620        
  7      6.8945900              0.1511500        
  8      3.5486400              0.1802400        
  9      1.9669700              0.0081550        
 10      1.1896700             -0.1681520        
 11      0.7225180             -0.2613930        
 12      0.4164450             -0.2841200        
 13      0.2308050             -0.0039800        
 14      0.1037990              0.4690960        
 15      0.0497170              0.5811820        
S   15
  1    127.7480000             -0.0002150        
  2     79.4716000              0.0013270        
  3     45.4455000             -0.0082810        
  4     28.3815000              0.0437050        
  5     17.7268000             -0.1784800        
  6     11.0709000              0.4054010        
  7      6.8945900             -0.2886660        
  8      3.5486400             -0.2809590        
  9      1.9669700             -0.1238970        
 10      1.1896700              0.5064930        
 11      0.7225180              0.4808970        
 12      0.4164450              0.9248080        
 13      0.2308050             -1.6613720        
 14      0.1037990             -1.1516350        
 15      0.0497170              1.2281220        
S   15
  1    127.7480000             -0.0002050        
  2     79.4716000              0.0006500        
  3     45.4455000              0.0023510        
  4     28.3815000             -0.0394250        
  5     17.7268000              0.2197680        
  6     11.0709000             -0.5440250        
  7      6.8945900              0.3558480        
  8      3.5486400              0.6157690        
  9      1.9669700             -0.0435280        
 10      1.1896700             -0.6285800        
 11      0.7225180             -2.6644980        
 12      0.4164450              2.6677750        
 13      0.2308050              2.2901390        
 14      0.1037990             -3.5999040        
 15      0.0497170              0.6097060        
S   15
  1    127.7480000             -0.0004360        
  2     79.4716000              0.0017770        
  3     45.4455000             -0.0015150        
  4     28.3815000             -0.0327300        
  5     17.7268000              0.2228950        
  6     11.0709000             -0.5723910        
  7      6.8945900              0.3439330        
  8      3.5486400              0.7814050        
  9      1.9669700              0.4626060        
 10      1.1896700             -2.7820660        
 11      0.7225180             -3.1216790        
 12      0.4164450             11.6688260        
 13      0.2308050             -9.7036820        
 14      0.1037990              1.9065390        
 15      0.0497170              2.4988180        
S   15
  1    127.7480000             -0.0065390        
  2     79.4716000              0.0330230        
  3     45.4455000             -0.1319560        
  4     28.3815000              0.3965380        
  5     17.7268000             -1.0136420        
  6     11.0709000              1.9458380        
  7      6.8945900             -1.7872130        
  8      3.5486400              0.2408740        
  9      1.9669700             -4.1101300        
 10      1.1896700             17.4671040        
 11      0.7225180            -23.3039300        
 12      0.4164450             11.9257810        
 13      0.2308050              1.7063660        
 14      0.1037990             -7.7578540        
 15      0.0497170              7.2322400        
S   1
  1      0.0237700              1.0000000        
P   12
  1     41.4467000             -0.0006080        
  2     25.8855000              0.0072100        
  3     16.1691000             -0.0505390        
  4     10.1016000              0.1824760        
  5      6.3107100             -0.2021880        
  6      3.8365300             -0.1667920        
  7      1.3993200              0.3020540        
  8      0.7676080              0.4675860        
  9      0.4115580              0.3223530        
 10      0.2111180              0.0902090        
 11      0.0981670              0.0082420        
 12      0.0453820              0.0010090        
P   12
  1     41.4467000              0.0001310        
  2     25.8855000             -0.0017860        
  3     16.1691000              0.0134610        
  4     10.1016000             -0.0503600        
  5      6.3107100              0.0574720        
  6      3.8365300              0.0470140        
  7      1.3993200             -0.0929890        
  8      0.7676080             -0.1678660        
  9      0.4115580             -0.1546010        
 10      0.2111180              0.0749170        
 11      0.0981670              0.4278670        
 12      0.0453820              0.4997790        
P   12
  1     41.4467000              0.0001550        
  2     25.8855000             -0.0024110        
  3     16.1691000              0.0190800        
  4     10.1016000             -0.0723590        
  5      6.3107100              0.0825170        
  6      3.8365300              0.0694090        
  7      1.3993200             -0.1384910        
  8      0.7676080             -0.2388510        
  9      0.4115580             -0.2696350        
 10      0.2111180              0.2559880        
 11      0.0981670              0.7089890        
 12      0.0453820              0.2477470        
P   12
  1     41.4467000              0.0003500        
  2     25.8855000             -0.0047590        
  3     16.1691000              0.0361480        
  4     10.1016000             -0.1366730        
  5      6.3107100              0.1591460        
  6      3.8365300              0.1281270        
  7      1.3993200             -0.2677180        
  8      0.7676080             -0.7965620        
  9      0.4115580              0.1238840        
 10      0.2111180              1.6212470        
 11      0.0981670             -0.5567550        
 12      0.0453820             -0.6691030        
P   12
  1     41.4467000              0.0007800        
  2     25.8855000             -0.0084450        
  3     16.1691000              0.0588600        
  4     10.1016000             -0.2212050        
  5      6.3107100              0.2683550        
  6      3.8365300              0.2077140        
  7      1.3993200             -0.7711390        
  8      0.7676080             -1.4253890        
  9      0.4115580              3.4737140        
 10      0.2111180             -1.5709620        
 11      0.0981670             -1.1457100        
 12      0.0453820              1.2510060        
P   12
  1     41.4467000              0.0161090        
  2     25.8855000             -0.0774960        
  3     16.1691000              0.1644930        
  4     10.1016000             -0.1561020        
  5      6.3107100              0.2459260        
  6      3.8365300             -0.9029180        
  7      1.3993200              3.4050860        
  8      0.7676080             -3.5255490        
  9      0.4115580             -0.6189970        
 10      0.2111180              3.9159700        
 11      0.0981670             -3.9242830        
 12      0.0453820              1.8289550        
P   1
  1      0.0206860              1.0000000        
D   10
  1     35.5394000              0.0000430        
  2     15.2305000             -0.0006500        
  3      7.7746700              0.0123910        
  4      4.3736500             -0.0563170        
  5      1.4161700              0.0928900        
  6      0.8379100              0.1799400        
  7      0.4656750              0.2783780        
  8      0.2397700              0.3177230        
  9      0.1177200              0.2618220        
 10      0.0557830              0.1262830        
D   10
  1     35.5394000             -0.0000150        
  2     15.2305000              0.0005190        
  3      7.7746700             -0.0136520        
  4      4.3736500              0.0657540        
  5      1.4161700             -0.1206020        
  6      0.8379100             -0.2424530        
  7      0.4656750             -0.3683650        
  8      0.2397700             -0.1005520        
  9      0.1177200              0.4226440        
 10      0.0557830              0.4761400        
D   10
  1     35.5394000             -0.0000920        
  2     15.2305000             -0.0000270        
  3      7.7746700              0.0172170        
  4      4.3736500             -0.0933910        
  5      1.4161700              0.2127460        
  6      0.8379100              0.4655750        
  7      0.4656750              0.2673850        
  8      0.2397700             -0.8332010        
  9      0.1177200             -0.4285520        
 10      0.0557830              0.6530410        
D   10
  1     35.5394000              0.0004280        
  2     15.2305000             -0.0016930        
  3      7.7746700             -0.0180860        
  4      4.3736500              0.1212750        
  5      1.4161700             -0.3064630        
  6      0.8379100             -1.0395480        
  7      0.4656750              1.1482350        
  8      0.2397700              0.8681360        
  9      0.1177200             -1.6557700        
 10      0.0557830              0.4445940        
D   10
  1     35.5394000              0.0002690        
  2     15.2305000             -0.0026550        
  3      7.7746700              0.0489690        
  4      4.3736500             -0.2528270        
  5      1.4161700              1.3918810        
  6      0.8379100             -0.1414450        
  7      0.4656750             -2.6895820        
  8      0.2397700              3.1243230        
  9      0.1177200             -1.3526590        
 10      0.0557830             -0.4206500        
D   1
  1      0.0251140              1.0000000        
F   1
  1      1.0807000              1.0000000        
F   1
  1      0.4600000              1.0000000        
F   1
  1      0.1958000              1.0000000        
F   1
  1      0.0834000              1.0000000        
G   1
  1      1.0998000              1.0000000        
G   1
  1      0.4175000              1.0000000        
G   1
  1      0.1585000              1.0000000        
H   1
  1      0.7694000              1.0000000        
H   1
  1      0.2781000              1.0000000        
I   1
  1      0.5042000              1.0000000

TANTALUM
S   15
  1    127.8860000             -0.0002790        
  2     79.6219000              0.0020770        
  3     47.3560000             -0.0127990        
  4     28.9849000              0.0750180        
  5     18.1009000             -0.3238420        
  6     11.3049000              0.7427980        
  7      7.0610300             -0.4963610        
  8      3.7219500             -0.5605560        
  9      1.9676200             -0.0147580        
 10      1.2207300              0.5206740        
 11      0.7094640              0.5800160        
 12      0.4076670              0.2439380        
 13      0.2308530              0.0336160        
 14      0.1124470              0.0003250        
 15      0.0540990             -0.0021700        
S   15
  1    127.8860000              0.0000430        
  2     79.6219000             -0.0004060        
  3     47.3560000              0.0030990        
  4     28.9849000             -0.0209290        
  5     18.1009000              0.0970320        
  6     11.3049000             -0.2315270        
  7      7.0610300              0.1598630        
  8      3.7219500              0.1896500        
  9      1.9676200              0.0113860        
 10      1.2207300             -0.2125120        
 11      0.7094640             -0.3065440        
 12      0.4076670             -0.2409180        
 13      0.2308530              0.0388600        
 14      0.1124470              0.4628580        
 15      0.0540990              0.5752370        
S   15
  1    127.8860000              0.0001110        
  2     79.6219000             -0.0008820        
  3     47.3560000              0.0059160        
  4     28.9849000             -0.0375850        
  5     18.1009000              0.1716390        
  6     11.3049000             -0.4111500        
  7      7.0610300              0.2909600        
  8      3.7219500              0.3268680        
  9      1.9676200              0.0945570        
 10      1.2207300             -0.5424690        
 11      0.7094640             -0.7913220        
 12      0.4076670             -0.4190270        
 13      0.2308530              1.6532500        
 14      0.1124470              0.8989830        
 15      0.0540990             -1.1280310        
S   14
  1     79.6219000             -0.0004300        
  2     47.3560000              0.0057360        
  3     28.9849000             -0.0481540        
  4     18.1009000              0.2439050        
  5     11.3049000             -0.6085090        
  6      7.0610300              0.4282320        
  7      3.7219500              0.5955070        
  8      1.9676200              0.1293500        
  9      1.2207300             -1.4441160        
 10      0.7094640             -1.9042060        
 11      0.4076670              3.2780850        
 12      0.2308530              1.4056750        
 13      0.1124470             -3.3379110        
 14      0.0540990              0.4211850        
S   15
  1    127.8860000              0.0002870        
  2     79.6219000             -0.0019250        
  3     47.3560000              0.0108510        
  4     28.9849000             -0.0629920        
  5     18.1009000              0.2830470        
  6     11.3049000             -0.6835000        
  7      7.0610300              0.4757520        
  8      3.7219500              0.6263640        
  9      1.9676200              1.1666760        
 10      1.2207300             -5.1480010        
 11      0.7094640              1.1355430        
 12      0.4076670              8.3573620        
 13      0.2308530             -9.1380100        
 14      0.1124470              2.0396930        
 15      0.0540990              2.6709700        
S   15
  1    127.8860000             -0.0027560        
  2     79.6219000              0.0149860        
  3     47.3560000             -0.0565160        
  4     28.9849000              0.1974660        
  5     18.1009000             -0.6383540        
  6     11.3049000              1.3988440        
  7      7.0610300             -1.1057190        
  8      3.7219500             -1.1405960        
  9      1.9676200             -1.0047480        
 10      1.2207300             13.1447220        
 11      0.7094640            -22.4925640        
 12      0.4076670             15.8588450        
 13      0.2308530             -1.4127320        
 14      0.1124470             -6.8494450        
 15      0.0540990              6.6999900        
S   1
  1      0.0255890              1.0000000        
P   12
  1     43.0864000             -0.0004490        
  2     26.2162000              0.0063050        
  3     16.3747000             -0.0481970        
  4     10.2287000              0.1858860        
  5      6.3885600             -0.2230500        
  6      3.8820000             -0.1621140        
  7      1.5402200              0.2784190        
  8      0.8635440              0.4672790        
  9      0.4684760              0.3385310        
 10      0.2433510              0.1034880        
 11      0.1126670              0.0106060        
 12      0.0514670              0.0008630        
P   12
  1     43.0864000              0.0000830        
  2     26.2162000             -0.0015370        
  3     16.3747000              0.0131640        
  4     10.2287000             -0.0532870        
  5      6.3885600              0.0661500        
  6      3.8820000              0.0478650        
  7      1.5402200             -0.0900430        
  8      0.8635440             -0.1758890        
  9      0.4684760             -0.1625120        
 10      0.2433510              0.0661390        
 11      0.1126670              0.4193780        
 12      0.0514670              0.5076320        
P   12
  1     43.0864000              0.0000770        
  2     26.2162000             -0.0020600        
  3     16.3747000              0.0191860        
  4     10.2287000             -0.0793420        
  5      6.3885600              0.0985250        
  6      3.8820000              0.0742280        
  7      1.5402200             -0.1412360        
  8      0.8635440             -0.2634310        
  9      0.4684760             -0.2924470        
 10      0.2433510              0.2763780        
 11      0.1126670              0.7169410        
 12      0.0514670              0.2347510        
P   12
  1     43.0864000              0.0000670        
  2     26.2162000             -0.0032700        
  3     16.3747000              0.0334630        
  4     10.2287000             -0.1429680        
  5      6.3885600              0.1813390        
  6      3.8820000              0.1407050        
  7      1.5402200             -0.2905920        
  8      0.8635440             -0.8314340        
  9      0.4684760              0.1378480        
 10      0.2433510              1.6015330        
 11      0.1126670             -0.5297110        
 12      0.0514670             -0.6839160        
P   12
  1     43.0864000              0.0003680        
  2     26.2162000             -0.0066880        
  3     16.3747000              0.0591060        
  4     10.2287000             -0.2496690        
  5      6.3885600              0.3312620        
  6      3.8820000              0.2476020        
  7      1.5402200             -0.9737180        
  8      0.8635440             -1.4213200        
  9      0.4684760              3.7940630        
 10      0.2433510             -1.9375430        
 11      0.1126670             -0.8955520        
 12      0.0514670              1.1723800        
P   12
  1     43.0864000             -0.0160570        
  2     26.2162000              0.0835870        
  3     16.3747000             -0.1864780        
  4     10.2287000              0.1749990        
  5      6.3885600             -0.2492200        
  6      3.8820000              1.0920380        
  7      1.5402200             -4.3225400        
  8      0.8635440              5.0941140        
  9      0.4684760             -0.7633390        
 10      0.2433510             -3.1723950        
 11      0.1126670              3.7036060        
 12      0.0514670             -1.9021510        
P   1
  1      0.0230550              1.0000000        
D   10
  1     35.5553000              0.0000650        
  2     15.2541000             -0.0010070        
  3      8.0507000              0.0153940        
  4      4.4858200             -0.0687140        
  5      1.4699000              0.1230910        
  6      0.8349400              0.2263780        
  7      0.4639940              0.2926730        
  8      0.2489180              0.2921500        
  9      0.1289160              0.2162180        
 10      0.0644250              0.0968860        
D   10
  1     35.5553000             -0.0000160        
  2     15.2541000              0.0007520        
  3      8.0507000             -0.0166650        
  4      4.4858200              0.0802890        
  5      1.4699000             -0.1644500        
  6      0.8349400             -0.3216390        
  7      0.4639940             -0.3388870        
  8      0.2489180              0.0565710        
  9      0.1289160              0.4638630        
 10      0.0644250              0.4026440        
D   10
  1     35.5553000              0.0001760        
  2     15.2541000             -0.0002270        
  3      8.0507000             -0.0202980        
  4      4.4858200              0.1162780        
  5      1.4699000             -0.3271600        
  6      0.8349400             -0.5766580        
  7      0.4639940              0.0876950        
  8      0.2489180              0.9151310        
  9      0.1289160              0.1294610        
 10      0.0644250             -0.6372310        
D   10
  1     35.5553000              0.0002380        
  2     15.2541000             -0.0002990        
  3      8.0507000             -0.0280330        
  4      4.4858200              0.1647140        
  5      1.4699000             -0.6247180        
  6      0.8349400             -0.7857680        
  7      0.4639940              1.7880720        
  8      0.2489180             -0.0459510        
  9      0.1289160             -1.4392400        
 10      0.0644250              0.5965670        
D   10
  1     35.5553000             -0.0007060        
  2     15.2541000              0.0029160        
  3      8.0507000              0.0395360        
  4      4.4858200             -0.2900840        
  5      1.4699000              2.0927720        
  6      0.8349400             -1.9799750        
  7      0.4639940             -1.1050630        
  8      0.2489180              3.0756320        
  9      0.1289160             -2.0821770        
 10      0.0644250              0.0657740        
D   1
  1      0.0302690              1.0000000        
F   1
  1      1.2045000              1.0000000        
F   1
  1      0.5361000              1.0000000        
F   1
  1      0.2386000              1.0000000        
F   1
  1      0.1062000              1.0000000        
G   1
  1      1.3234000              1.0000000        
G   1
  1      0.5163000              1.0000000        
G   1
  1      0.2015000              1.0000000        
H   1
  1      0.9779000              1.0000000        
H   1
  1      0.3503000              1.0000000        
I   1
  1      0.6496000              1.0000000

TUNGSTEN
S   15
  1    128.0210000             -0.0002130        
  2     79.7690000              0.0018130        
  3     48.5622000             -0.0116240        
  4     30.1989000              0.0676740        
  5     18.8517000             -0.2999560        
  6     11.7614000              0.7046350        
  7      7.3298200             -0.4663690        
  8      3.8767000             -0.5914920        
  9      1.9492700              0.0262780        
 10      1.2144400              0.5868220        
 11      0.7063900              0.5430650        
 12      0.4094330              0.2037330        
 13      0.2304240              0.0245590        
 14      0.1120740             -0.0009150        
 15      0.0545930             -0.0027140        
S   15
  1    128.0210000              0.0000210        
  2     79.7690000             -0.0003040        
  3     48.5622000              0.0027070        
  4     30.1989000             -0.0189610        
  5     18.8517000              0.0915990        
  6     11.7614000             -0.2249730        
  7      7.3298200              0.1546610        
  8      3.8767000              0.2055560        
  9      1.9492700             -0.0039980        
 10      1.2144400             -0.2574660        
 11      0.7063900             -0.3084040        
 12      0.4094330             -0.2150450        
 13      0.2304240              0.0978160        
 14      0.1120740              0.4934530        
 15      0.0545930              0.5309830        
S   15
  1    128.0210000              0.0000550        
  2     79.7690000             -0.0006130        
  3     48.5622000              0.0049100        
  4     30.1989000             -0.0332520        
  5     18.8517000              0.1602240        
  6     11.7614000             -0.3963830        
  7      7.3298200              0.2773410        
  8      3.8767000              0.3628200        
  9      1.9492700              0.0727200        
 10      1.2144400             -0.6834100        
 11      0.7063900             -0.8141440        
 12      0.4094330             -0.1123420        
 13      0.2304240              1.7087150        
 14      0.1120740              0.5925350        
 15      0.0545930             -1.0797410        
S   15
  1    128.0210000             -0.0000800        
  2     79.7690000             -0.0000040        
  3     48.5622000              0.0042400        
  4     30.1989000             -0.0425880        
  5     18.8517000              0.2317290        
  6     11.7614000             -0.6006620        
  7      7.3298200              0.4229970        
  8      3.8767000              0.6727400        
  9      1.9492700              0.0054660        
 10      1.2144400             -1.8784650        
 11      0.7063900             -1.2199100        
 12      0.4094330              3.6264850        
 13      0.2304240              0.4866040        
 14      0.1120740             -3.0611230        
 15      0.0545930              0.5984560        
S   15
  1    128.0210000             -0.0002200        
  2     79.7690000              0.0007930        
  3     48.5622000              0.0015110        
  4     30.1989000             -0.0366030        
  5     18.8517000              0.2256000        
  6     11.7614000             -0.5949330        
  7      7.3298200              0.3658040        
  8      3.8767000              0.8681320        
  9      1.9492700              0.7539980        
 10      1.2144400             -5.9039300        
 11      0.7063900              3.9582880        
 12      0.4094330              5.5054530        
 13      0.2304240             -8.3495450        
 14      0.1120740              2.6769820        
 15      0.0545930              2.1562470        
S   15
  1    128.0210000              0.0007620        
  2     79.7690000             -0.0035880        
  3     48.5622000              0.0057020        
  4     30.1989000              0.0367400        
  5     18.8517000             -0.3171300        
  6     11.7614000              0.9032690        
  7      7.3298200             -0.5068010        
  8      3.8767000             -2.1985630        
  9      1.9492700              2.3663650        
 10      1.2144400              8.8286120        
 11      0.7063900            -21.9615460        
 12      0.4094330             19.5076120        
 13      0.2304240             -5.6066650        
 14      0.1120740             -4.4225920        
 15      0.0545930              5.8539150        
S   1
  1      0.0262100              1.0000000        
P   12
  1     44.8241000             -0.0005630        
  2     27.9957000              0.0069070        
  3     17.4892000             -0.0501680        
  4     10.9261000              0.1877100        
  5      6.8251900             -0.2162930        
  6      4.1815300             -0.1695920        
  7      1.5635300              0.3171370        
  8      0.8689660              0.4788210        
  9      0.4668820              0.3119830        
 10      0.2376200              0.0805190        
 11      0.1124500              0.0067540        
 12      0.0520670              0.0009720        
P   12
  1     44.8241000              0.0001090        
  2     27.9957000             -0.0016630        
  3     17.4892000              0.0133690        
  4     10.9261000             -0.0523560        
  5      6.8251900              0.0624070        
  6      4.1815300              0.0487380        
  7      1.5635300             -0.1011590        
  8      0.8689660             -0.1802800        
  9      0.4668820             -0.1366360        
 10      0.2376200              0.0929390        
 11      0.1124500              0.4060920        
 12      0.0520670              0.4865210        
P   12
  1     44.8241000              0.0001430        
  2     27.9957000             -0.0025570        
  3     17.4892000              0.0216370        
  4     10.9261000             -0.0859840        
  5      6.8251900              0.1027430        
  6      4.1815300              0.0819860        
  7      1.5635300             -0.1723800        
  8      0.8689660             -0.3159660        
  9      0.4668820             -0.2428930        
 10      0.2376200              0.4141700        
 11      0.1124500              0.6618400        
 12      0.0520670              0.1647600        
P   12
  1     44.8241000              0.0002040        
  2     27.9957000             -0.0041800        
  3     17.4892000              0.0372120        
  4     10.9261000             -0.1517130        
  5      6.8251900              0.1848990        
  6      4.1815300              0.1538090        
  7      1.5635300             -0.3828860        
  8      0.8689660             -0.9138870        
  9      0.4668820              0.6158340        
 10      0.2376200              1.3591900        
 11      0.1124500             -0.7719430        
 12      0.0520670             -0.5298450        
P   12
  1     44.8241000             -0.0018840        
  2     27.9957000              0.0047740        
  3     17.4892000              0.0293600        
  4     10.9261000             -0.1962880        
  5      6.8251900              0.2458850        
  6      4.1815300              0.3544620        
  7      1.5635300             -1.4928090        
  8      0.8689660             -0.4962540        
  9      0.4668820              3.4838900        
 10      0.2376200             -2.5860700        
 11      0.1124500             -0.1732890        
 12      0.0520670              0.9394390        
P   12
  1     44.8241000             -0.0085310        
  2     27.9957000              0.0375330        
  3     17.4892000             -0.0444050        
  4     10.9261000             -0.1250940        
  5      6.8251900              0.1837830        
  6      4.1815300              0.7029870        
  7      1.5635300             -4.5650170        
  8      0.8689660              6.7760870        
  9      0.4668820             -3.4821490        
 10      0.2376200             -1.0709860        
 11      0.1124500              2.8960140        
 12      0.0520670             -1.7956980        
P   1
  1      0.0236130              1.0000000        
D   10
  1     35.6782000              0.0000810        
  2     15.4233000             -0.0023430        
  3      9.2438500              0.0200330        
  4      5.0371500             -0.0776750        
  5      1.5468100              0.1491040        
  6      0.8422000              0.2700130        
  7      0.4583880              0.3094120        
  8      0.2475420              0.2705130        
  9      0.1305440              0.1768770        
 10      0.0662290              0.0662320        
D   10
  1     35.6782000             -0.0000100        
  2     15.4233000              0.0020700        
  3      9.2438500             -0.0223950        
  4      5.0371500              0.0942650        
  5      1.5468100             -0.2158830        
  6      0.8422000             -0.4052730        
  7      0.4583880             -0.2654230        
  8      0.2475420              0.2303150        
  9      0.1305440              0.4908810        
 10      0.0662290              0.2989000        
D   10
  1     35.6782000             -0.0000750        
  2     15.4233000             -0.0022060        
  3      9.2438500              0.0308890        
  4      5.0371500             -0.1414110        
  5      1.5468100              0.4576300        
  6      0.8422000              0.6275750        
  7      0.4583880             -0.5604170        
  8      0.2475420             -0.8192870        
  9      0.1305440              0.2636160        
 10      0.0662290              0.5844690        
D   10
  1     35.6782000             -0.0000950        
  2     15.4233000             -0.0028040        
  3      9.2438500              0.0418880        
  4      5.0371500             -0.2028010        
  5      1.5468100              0.9977590        
  6      0.8422000              0.1418660        
  7      0.4583880             -2.0303660        
  8      0.2475420              1.2349000        
  9      0.1305440              0.7676510        
 10      0.0662290             -0.7799460        
D   10
  1     35.6782000              0.0039060        
  2     15.4233000             -0.0236200        
  3      9.2438500              0.0010010        
  4      5.0371500              0.2566630        
  5      1.5468100             -2.4481050        
  6      0.8422000              3.6625230        
  7      0.4583880             -1.4539920        
  8      0.2475420             -1.5880280        
  9      0.1305440              2.2358110        
 10      0.0662290             -0.7062180        
D   1
  1      0.0313960              1.0000000        
F   1
  1      1.3495000              1.0000000        
F   1
  1      0.6187000              1.0000000        
F   1
  1      0.2836000              1.0000000        
F   1
  1      0.1300000              1.0000000        
G   1
  1      1.5406000              1.0000000        
G   1
  1      0.6162000              1.0000000        
G   1
  1      0.2465000              1.0000000        
H   1
  1      1.1714000              1.0000000        
H   1
  1      0.4222000              1.0000000        
I   1
  1      0.8048000              1.0000000

RHENIUM
S   15
  1    202.7120000             -0.0000180        
  2     83.1287000              0.0008080        
  3     51.6714000             -0.0070970        
  4     32.2470000              0.0479820        
  5     20.1306000             -0.2305260        
  6     12.5747000              0.5362550        
  7      7.3845200             -0.3065170        
  8      4.1728600             -0.6272000        
  9      2.6071100             -0.0086210        
 10      1.2876400              0.6405810        
 11      0.7176620              0.5579870        
 12      0.4005670              0.1652750        
 13      0.2323290              0.0172950        
 14      0.1127560              0.0025800        
 15      0.0551780              0.0002910        
S   14
  1     83.1287000             -0.0001630        
  2     51.6714000              0.0018440        
  3     32.2470000             -0.0144650        
  4     20.1306000              0.0746010        
  5     12.5747000             -0.1808000        
  6      7.3845200              0.1099330        
  7      4.1728600              0.2250530        
  8      2.6071100              0.0049640        
  9      1.2876400             -0.2913340        
 10      0.7176620             -0.3384660        
 11      0.4005670             -0.1805940        
 12      0.2323290              0.1402910        
 13      0.1127560              0.5017990        
 14      0.0551780              0.5030990        
S   15
  1    202.7120000              0.0000180        
  2     83.1287000             -0.0005500        
  3     51.6714000              0.0042800        
  4     32.2470000             -0.0276130        
  5     20.1306000              0.1340070        
  6     12.5747000             -0.3229860        
  7      7.3845200              0.2097760        
  8      4.1728600              0.3620910        
  9      2.6071100              0.0961150        
 10      1.2876400             -0.7498160        
 11      0.7176620             -0.8648990        
 12      0.4005670              0.1811020        
 13      0.2323290              1.6121400        
 14      0.1127560              0.4387040        
 15      0.0551780             -1.0489500        
S   15
  1    202.7120000             -0.0000310        
  2     83.1287000              0.0008940        
  3     51.6714000             -0.0067490        
  4     32.2470000              0.0434530        
  5     20.1306000             -0.2145210        
  6     12.5747000              0.5288540        
  7      7.3845200             -0.3532480        
  8      4.1728600             -0.6775470        
  9      2.6071100             -0.1518750        
 10      1.2876400              2.4519750        
 11      0.7176620              0.4384750        
 12      0.4005670             -4.0072560        
 13      0.2323290              0.6936150        
 14      0.1127560              2.7050750        
 15      0.0551780             -0.8795670        
S   15
  1    202.7120000              0.0002350        
  2     83.1287000             -0.0032670        
  3     51.6714000              0.0109550        
  4     32.2470000             -0.0003660        
  5     20.1306000             -0.1431730        
  6     12.5747000              0.4397380        
  7      7.3845200             -0.1194760        
  8      4.1728600             -1.3118760        
  9      2.6071100             -0.1557260        
 10      1.2876400              6.5286810        
 11      0.7176620             -7.6129680        
 12      0.4005670             -1.2325140        
 13      0.2323290              7.2714920        
 14      0.1127560             -4.1794340        
 15      0.0551780             -0.5759050        
S   15
  1    202.7120000              0.0034650        
  2     83.1287000             -0.0537890        
  3     51.6714000              0.2267930        
  4     32.2470000             -0.5545730        
  5     20.1306000              0.8903070        
  6     12.5747000             -1.0481350        
  7      7.3845200              2.4122880        
  8      4.1728600             -7.5736620        
  9      2.6071100              8.1469280        
 10      1.2876400              2.9438290        
 11      0.7176620            -17.3320220        
 12      0.4005670             23.0838870        
 13      0.2323290            -13.5879670        
 14      0.1127560              1.0859110        
 15      0.0551780              3.3164740        
S   1
  1      0.0266950              1.0000000        
P   12
  1     47.9533000             -0.0002760        
  2     29.9457000              0.0040490        
  3     18.7024000             -0.0333890        
  4     11.6818000              0.1349390        
  5      7.2963600             -0.1401110        
  6      4.5317300             -0.2024650        
  7      1.6000200              0.3485480        
  8      0.8859210              0.4802570        
  9      0.4730370              0.2920020        
 10      0.2358480              0.0674260        
 11      0.1111810              0.0045690        
 12      0.0515630              0.0010030        
P   12
  1     47.9533000              0.0000660        
  2     29.9457000             -0.0011030        
  3     18.7024000              0.0097100        
  4     11.6818000             -0.0407390        
  5      7.2963600              0.0446200        
  6      4.5317300              0.0607640        
  7      1.6000200             -0.1211460        
  8      0.8859210             -0.1957700        
  9      0.4730370             -0.1230670        
 10      0.2358480              0.1476650        
 11      0.1111810              0.4461360        
 12      0.0515630              0.4517640        
P   12
  1     47.9533000              0.0000970        
  2     29.9457000             -0.0017690        
  3     18.7024000              0.0159300        
  4     11.6818000             -0.0672890        
  5      7.2963600              0.0740170        
  6      4.5317300              0.1009150        
  7      1.6000200             -0.2052230        
  8      0.8859210             -0.3536700        
  9      0.4730370             -0.1740060        
 10      0.2358480              0.5158270        
 11      0.1111810              0.5958240        
 12      0.0515630              0.1163270        
P   12
  1     47.9533000             -0.0000210        
  2     29.9457000              0.0022630        
  3     18.7024000             -0.0256330        
  4     11.6818000              0.1152090        
  5      7.2963600             -0.1268210        
  6      4.5317300             -0.1981360        
  7      1.6000200              0.5068520        
  8      0.8859210              0.9103290        
  9      0.4730370             -1.0009770        
 10      0.2358480             -1.0597320        
 11      0.1111810              0.9144500        
 12      0.0515630              0.3787070        
P   12
  1     47.9533000              0.0044250        
  2     29.9457000             -0.0194640        
  3     18.7024000              0.0222630        
  4     11.6818000              0.0693960        
  5      7.2963600             -0.0499830        
  6      4.5317300             -0.5122240        
  7      1.6000200              2.0349300        
  8      0.8859210             -0.5892110        
  9      0.4730370             -2.7862130        
 10      0.2358480              2.8600090        
 11      0.1111810             -0.4498560        
 12      0.0515630             -0.6745750        
P   12
  1     47.9533000              0.0095020        
  2     29.9457000             -0.0541850        
  3     18.7024000              0.1976230        
  4     11.6818000             -0.5605200        
  5      7.2963600              0.7615590        
  6      4.5317300              0.2039630        
  7      1.6000200             -4.6023340        
  8      0.8859210              8.0439570        
  9      0.4730370             -5.8869540        
 10      0.2358480              1.2584620        
 11      0.1111810              1.5587300        
 12      0.0515630             -1.4244990        
P   1
  1      0.0235420              1.0000000        
D   10
  1     35.7309000              0.0000990        
  2     16.0515000             -0.0015020        
  3      9.9659100              0.0122100        
  4      5.0281700             -0.0671390        
  5      1.7427600              0.1216760        
  6      1.0452000              0.2158010        
  7      0.6077840              0.2894700        
  8      0.3294000              0.2946000        
  9      0.1679870              0.2175370        
 10      0.0816530              0.1022850        
D   10
  1     35.7309000             -0.0000910        
  2     16.0515000              0.0014570        
  3      9.9659100             -0.0130710        
  4      5.0281700              0.0758260        
  5      1.7427600             -0.1508580        
  6      1.0452000             -0.3139560        
  7      0.6077840             -0.3290430        
  8      0.3294000              0.0602180        
  9      0.1679870              0.4784460        
 10      0.0816530              0.4104690        
D   10
  1     35.7309000              0.0001730        
  2     16.0515000             -0.0003060        
  3      9.9659100             -0.0147100        
  4      5.0281700              0.1185220        
  5      1.7427600             -0.3719350        
  6      1.0452000             -0.5457170        
  7      0.6077840              0.0674260        
  8      0.3294000              0.8900820        
  9      0.1679870              0.1737840        
 10      0.0816530             -0.6452820        
D   10
  1     35.7309000              0.0006500        
  2     16.0515000             -0.0067020        
  3      9.9659100              0.0371030        
  4      5.0281700             -0.1942700        
  5      1.7427600              0.7473670        
  6      1.0452000              0.8063190        
  7      0.6077840             -1.9285380        
  8      0.3294000              0.1008470        
  9      0.1679870              1.3672990        
 10      0.0816530             -0.5654600        
D   10
  1     35.7309000             -0.0019430        
  2     16.0515000              0.0120540        
  3      9.9659100              0.0105860        
  4      5.0281700             -0.2881360        
  5      1.7427600              2.5644120        
  6      1.0452000             -2.7590000        
  7      0.6077840             -0.6513700        
  8      0.3294000              2.7968950        
  9      0.1679870             -1.8294110        
 10      0.0816530             -0.0374110        
D   1
  1      0.0372670              1.0000000        
F   1
  1      1.4757000              1.0000000        
F   1
  1      0.6895000              1.0000000        
F   1
  1      0.3222000              1.0000000        
F   1
  1      0.1505000              1.0000000        
G   1
  1      1.7301000              1.0000000        
G   1
  1      0.7095000              1.0000000        
G   1
  1      0.2909000              1.0000000        
H   1
  1      1.3434000              1.0000000        
H   1
  1      0.5023000              1.0000000        
I   1
  1      1.0694000              1.0000000

OSMIUM
S   15
  1    227.2160000             -0.0000080        
  2     88.9180000              0.0006500        
  3     55.3980000             -0.0057630        
  4     34.5047000              0.0395840        
  5     21.5498000             -0.1899940        
  6     13.3429000              0.4393550        
  7      7.2939800             -0.2162190        
  8      4.4707900             -0.6369810        
  9      2.5034400             -0.0856790        
 10      1.5041300              0.5520460        
 11      0.8808490              0.5880240        
 12      0.5112780              0.2614560        
 13      0.2785370              0.0386370        
 14      0.1317160              0.0025830        
 15      0.0626290              0.0009850        
S   15
  1    227.2160000             -0.0000010        
  2     88.9180000             -0.0001530        
  3     55.3980000              0.0016120        
  4     34.5047000             -0.0123980        
  5     21.5498000              0.0631760        
  6     13.3429000             -0.1520640        
  7      7.2939800              0.0829460        
  8      4.4707900              0.2314950        
  9      2.5034400              0.0334930        
 10      1.5041300             -0.2523020        
 11      0.8808490             -0.3237270        
 12      0.5112780             -0.2363270        
 13      0.2785370              0.0729300        
 14      0.1317160              0.4772580        
 15      0.0626290              0.5415620        
S   15
  1    227.2160000              0.0000110        
  2     88.9180000             -0.0004860        
  3     55.3980000              0.0038370        
  4     34.5047000             -0.0252950        
  5     21.5498000              0.1232880        
  6     13.3429000             -0.2967180        
  7      7.2939800              0.1764350        
  8      4.4707900              0.4257760        
  9      2.5034400              0.1812150        
 10      1.5041300             -0.7732490        
 11      0.8808490             -0.9496670        
 12      0.5112780             -0.0491560        
 13      0.2785370              1.7480150        
 14      0.1317160              0.4745020        
 15      0.0626290             -1.0206450        
S   15
  1    227.2160000              0.0000570        
  2     88.9180000             -0.0005270        
  3     55.3980000             -0.0002760        
  4     34.5047000              0.0237580        
  5     21.5498000             -0.1612420        
  6     13.3429000              0.4238590        
  7      7.2939800             -0.2128580        
  8      4.4707900             -0.8411380        
  9      2.5034400             -0.3547180        
 10      1.5041300              2.5012250        
 11      0.8808490              1.5206040        
 12      0.5112780             -4.7077430        
 13      0.2785370              0.5173180        
 14      0.1317160              2.8011500        
 15      0.0626290             -1.0530940        
S   15
  1    227.2160000              0.0003020        
  2     88.9180000             -0.0046580        
  3     55.3980000              0.0171120        
  4     34.5047000             -0.0161720        
  5     21.5498000             -0.1164320        
  6     13.3429000              0.4081330        
  7      7.2939800              0.1057120        
  8      4.4707900             -2.0385030        
  9      2.5034400             -0.1832490        
 10      1.5041300              8.8048900        
 11      0.8808490            -10.0151690        
 12      0.5112780             -0.2302100        
 13      0.2785370              7.0274320        
 14      0.1317160             -4.7555670        
 15      0.0626290              0.3846600        
S   15
  1    227.2160000              0.0022710        
  2     88.9180000             -0.0383040        
  3     55.3980000              0.1614460        
  4     34.5047000             -0.3854960        
  5     21.5498000              0.5500720        
  6     13.3429000             -0.5047640        
  7      7.2939800              2.4002110        
  8      4.4707900             -8.2280540        
  9      2.5034400             11.7973900        
 10      1.5041300             -0.0520600        
 11      0.8808490            -19.9171480        
 12      0.5112780             25.5954690        
 13      0.2785370            -15.0580250        
 14      0.1317160              3.5673590        
 15      0.0626290              1.5404740        
S   1
  1      0.0295780              1.0000000        
P   12
  1     50.5874000             -0.0001780        
  2     31.5906000              0.0031850        
  3     19.7305000             -0.0284180        
  4     12.3248000              0.1191540        
  5      7.6982400             -0.1170170        
  6      4.7632200             -0.2175890        
  7      1.6802200              0.3609010        
  8      0.9331860              0.4826620        
  9      0.4989040              0.2839670        
 10      0.2484490              0.0632460        
 11      0.1156230              0.0042670        
 12      0.0529260              0.0008460        
P   12
  1     50.5874000              0.0000520        
  2     31.5906000             -0.0009170        
  3     19.7305000              0.0083100        
  4     12.3248000             -0.0357720        
  5      7.6982400              0.0376310        
  6      4.7632200              0.0635160        
  7      1.6802200             -0.1247100        
  8      0.9331860             -0.1901510        
  9      0.4989040             -0.1125450        
 10      0.2484490              0.1468150        
 11      0.1156230              0.4354470        
 12      0.0529260              0.4550710        
P   12
  1     50.5874000              0.0000480        
  2     31.5906000             -0.0014300        
  3     19.7305000              0.0145560        
  4     12.3248000             -0.0644830        
  5      7.6982400              0.0678250        
  6      4.7632200              0.1188800        
  7      1.6802200             -0.2396480        
  8      0.9331860             -0.3999740        
  9      0.4989040             -0.1150490        
 10      0.2484490              0.5925270        
 11      0.1156230              0.5415260        
 12      0.0529260              0.0798220        
P   12
  1     50.5874000              0.0004710        
  2     31.5906000             -0.0005060        
  3     19.7305000             -0.0165620        
  4     12.3248000              0.0954490        
  5      7.6982400             -0.0949800        
  6      4.7632200             -0.2453950        
  7      1.6802200              0.6373810        
  8      0.9331860              0.8797360        
  9      0.4989040             -1.2780900        
 10      0.2484490             -0.7832380        
 11      0.1156230              0.9608010        
 12      0.0529260              0.2828430        
P   12
  1     50.5874000              0.0058520        
  2     31.5906000             -0.0273330        
  3     19.7305000              0.0473740        
  4     12.3248000              0.0133890        
  5      7.6982400              0.0414600        
  6      4.7632200             -0.6358230        
  7      1.6802200              2.5600610        
  8      0.9331860             -1.6019820        
  9      0.4989040             -2.0350280        
 10      0.2484490              2.8242020        
 11      0.1156230             -0.7670580        
 12      0.0529260             -0.5063300        
P   12
  1     50.5874000              0.0287000        
  2     31.5906000             -0.1526390        
  3     19.7305000              0.4666400        
  4     12.3248000             -1.0736960        
  5      7.6982400              1.4665880        
  6      4.7632200             -0.3475880        
  7      1.6802200             -4.4515830        
  8      0.9331860              8.6243800        
  9      0.4989040             -7.2754890        
 10      0.2484490              2.7515100        
 11      0.1156230              0.5647000        
 12      0.0529260             -1.0633800        
P   1
  1      0.0238640              1.0000000        
D   10
  1     34.7251000              0.0001770        
  2     18.4921000             -0.0014600        
  3     11.5470000              0.0090810        
  4      5.3023800             -0.0626140        
  5      1.8076600              0.1422720        
  6      1.0508200              0.2494720        
  7      0.5992150              0.2973920        
  8      0.3269350              0.2744110        
  9      0.1699930              0.1905300        
 10      0.0845740              0.0850110        
D   10
  1     34.7251000             -0.0002550        
  2     18.4921000              0.0018950        
  3     11.5470000             -0.0109550        
  4      5.3023800              0.0761900        
  5      1.8076600             -0.1919640        
  6      1.0508200             -0.4022390        
  7      0.5992150             -0.2705850        
  8      0.3269350              0.2026700        
  9      0.1699930              0.4974950        
 10      0.0845740              0.3210020        
D   10
  1     34.7251000             -0.0003770        
  2     18.4921000              0.0026750        
  3     11.5470000             -0.0165250        
  4      5.3023800              0.1264650        
  5      1.8076600             -0.4975880        
  6      1.0508200             -0.6159520        
  7      0.5992150              0.5117290        
  8      0.3269350              0.8300070        
  9      0.1699930             -0.1728380        
 10      0.0845740             -0.5995710        
D   10
  1     34.7251000              0.0030890        
  2     18.4921000             -0.0175070        
  3     11.5470000              0.0492840        
  4      5.3023800             -0.2305210        
  5      1.8076600              1.2697920        
  6      1.0508200             -0.0744860        
  7      0.5992150             -2.0270440        
  8      0.3269350              1.1913850        
  9      0.1699930              0.7435960        
 10      0.0845740             -0.6930140        
D   10
  1     34.7251000              0.0092970        
  2     18.4921000             -0.0443470        
  3     11.5470000              0.0482340        
  4      5.3023800              0.2227540        
  5      1.8076600             -3.0458800        
  6      1.0508200              4.8903840        
  7      0.5992150             -2.3993660        
  8      0.3269350             -1.0524210        
  9      0.1699930              1.8297370        
 10      0.0845740             -0.4714890        
D   1
  1      0.0394930              1.0000000        
F   1
  1      1.6402000              1.0000000        
F   1
  1      0.7838000              1.0000000        
F   1
  1      0.3746000              1.0000000        
F   1
  1      0.1790000              1.0000000        
G   1
  1      1.9370000              1.0000000        
G   1
  1      0.8085000              1.0000000        
G   1
  1      0.3375000              1.0000000        
H   1
  1      1.5067000              1.0000000        
H   1
  1      0.5777000              1.0000000        
I   1
  1      1.2206000              1.0000000

IRIDIUM
S   15
  1    361.1680000              0.0000040        
  2     95.8674000              0.0004220        
  3     59.8527000             -0.0040300        
  4     36.8252000              0.0307260        
  5     23.0133000             -0.1493440        
  6     13.6810000              0.3885650        
  7      7.2456100             -0.2202300        
  8      4.5281600             -0.6578940        
  9      2.4987800             -0.0279080        
 10      1.5530900              0.5449680        
 11      0.9423020              0.5678570        
 12      0.5460880              0.2781940        
 13      0.2707930              0.0345870        
 14      0.1347530              0.0006840        
 15      0.0645530              0.0017070        
S   15
  1    361.1680000             -0.0000030        
  2     95.8674000             -0.0001010        
  3     59.8527000              0.0011370        
  4     36.8252000             -0.0097400        
  5     23.0133000              0.0502470        
  6     13.6810000             -0.1366010        
  7      7.2456100              0.0874040        
  8      4.5281600              0.2420290        
  9      2.4987800              0.0058910        
 10      1.5530900             -0.2514300        
 11      0.9423020             -0.3171260        
 12      0.5460880             -0.2305500        
 13      0.2707930              0.0921320        
 14      0.1347530              0.4742620        
 15      0.0645530              0.5251200        
S   15
  1    361.1680000             -0.0000120        
  2     95.8674000              0.0000220        
  3     59.8527000              0.0011840        
  4     36.8252000             -0.0162530        
  5     23.0133000              0.0943350        
  6     13.6810000             -0.2669410        
  7      7.2456100              0.1671060        
  8      4.5281600              0.5184990        
  9      2.4987800              0.0818770        
 10      1.5530900             -0.7655880        
 11      0.9423020             -1.1753020        
 12      0.5460880              0.4390200        
 13      0.2707930              1.6679210        
 14      0.1347530              0.1623000        
 15      0.0645530             -0.9114440        
S   15
  1    361.1680000             -0.0000430        
  2     95.8674000              0.0009120        
  3     59.8527000             -0.0024220        
  4     36.8252000             -0.0123750        
  5     23.0133000              0.1191320        
  6     13.6810000             -0.3734900        
  7      7.2456100              0.1842790        
  8      4.5281600              0.9847650        
  9      2.4987800              0.3903310        
 10      1.5530900             -3.3148990        
 11      0.9423020             -0.6367640        
 12      0.5460880              4.7062010        
 13      0.2707930             -1.2718210        
 14      0.1347530             -2.2196150        
 15      0.0645530              1.0516060        
S   15
  1    361.1680000              0.0001580        
  2     95.8674000             -0.0045610        
  3     59.8527000              0.0190690        
  4     36.8252000             -0.0278300        
  5     23.0133000             -0.0770850        
  6     13.6810000              0.3776980        
  7      7.2456100              0.2467920        
  8      4.5281600             -2.9518890        
  9      2.4987800              1.7915660        
 10      1.5530900              8.4440360        
 11      0.9423020            -12.7502280        
 12      0.5460880              3.6778990        
 13      0.2707930              4.6672140        
 14      0.1347530             -4.5177760        
 15      0.0645530              0.5860350        
S   15
  1    361.1680000              0.0008230        
  2     95.8674000             -0.0264250        
  3     59.8527000              0.1204600        
  4     36.8252000             -0.3013830        
  5     23.0133000              0.4065180        
  6     13.6810000             -0.3126660        
  7      7.2456100              2.5994090        
  8      4.5281600            -10.1706390        
  9      2.4987800             19.6716040        
 10      1.5530900            -12.5903850        
 11      0.9423020             -9.0398800        
 12      0.5460880             18.1973900        
 13      0.2707930            -13.0305380        
 14      0.1347530              5.0367020        
 15      0.0645530              0.6544030        
S   1
  1      0.0305960              1.0000000        
P   12
  1     53.1489000             -0.0001030        
  2     33.1807000              0.0025820        
  3     20.7203000             -0.0250280        
  4     12.9411000              0.1092320        
  5      8.0825100             -0.1054160        
  6      4.9702700             -0.2259200        
  7      1.7771000              0.3652150        
  8      0.9950100              0.4810560        
  9      0.5365460              0.2820320        
 10      0.2710670              0.0645840        
 11      0.1272520              0.0048890        
 12      0.0586070              0.0007820        
P   12
  1     53.1489000              0.0000390        
  2     33.1807000             -0.0008160        
  3     20.7203000              0.0077660        
  4     12.9411000             -0.0345780        
  5      8.0825100              0.0360390        
  6      4.9702700              0.0691030        
  7      1.7771000             -0.1335600        
  8      0.9950100             -0.1988110        
  9      0.5365460             -0.1141680        
 10      0.2710670              0.1535450        
 11      0.1272520              0.4405510        
 12      0.0586070              0.4502280        
P   12
  1     53.1489000             -0.0000300        
  2     33.1807000             -0.0010390        
  3     20.7203000              0.0137040        
  4     12.9411000             -0.0653110        
  5      8.0825100              0.0677430        
  6      4.9702700              0.1416070        
  7      1.7771000             -0.2919340        
  8      0.9950100             -0.4527000        
  9      0.5365460             -0.0364810        
 10      0.2710670              0.6228330        
 11      0.1272520              0.4918100        
 12      0.0586070              0.0711760        
P   12
  1     53.1489000             -0.0011260        
  2     33.1807000              0.0040110        
  3     20.7203000              0.0061050        
  4     12.9411000             -0.0757750        
  5      8.0825100              0.0665900        
  6      4.9702700              0.2985190        
  7      1.7771000             -0.8076210        
  8      0.9950100             -0.7711620        
  9      0.5365460              1.4513640        
 10      0.2710670              0.5601930        
 11      0.1272520             -0.9311020        
 12      0.0586070             -0.2665940        
P   12
  1     53.1489000              0.0046160        
  2     33.1807000             -0.0212600        
  3     20.7203000              0.0324680        
  4     12.9411000              0.0409210        
  5      8.0825100              0.0091310        
  6      4.9702700             -0.6754230        
  7      1.7771000              3.0768790        
  8      0.9950100             -2.6418560        
  9      0.5365460             -1.2075110        
 10      0.2710670              2.5945410        
 11      0.1272520             -0.8176030        
 12      0.0586070             -0.4631340        
P   12
  1     53.1489000              0.0465730        
  2     33.1807000             -0.2446060        
  3     20.7203000              0.7206110        
  4     12.9411000             -1.5722170        
  5      8.0825100              2.1856100        
  6      4.9702700             -0.9564670        
  7      1.7771000             -4.1001950        
  8      0.9950100              8.7850890        
  9      0.5365460             -8.0886650        
 10      0.2710670              3.5879200        
 11      0.1272520              0.1045200        
 12      0.0586070             -0.8912610        
P   1
  1      0.0264540              1.0000000        
D   10
  1     43.8130000              0.0001190        
  2     19.8991000             -0.0011270        
  3     12.4262000              0.0081710        
  4      5.6402700             -0.0616520        
  5      1.8794500              0.1618800        
  6      1.0692500              0.2756330        
  7      0.5995540              0.3042190        
  8      0.3259080              0.2590940        
  9      0.1707020              0.1672860        
 10      0.0861840              0.0688650        
D   10
  1     43.8130000             -0.0001920        
  2     19.8991000              0.0016040        
  3     12.4262000             -0.0098070        
  4      5.6402700              0.0722610        
  5      1.8794500             -0.2126390        
  6      1.0692500             -0.4143280        
  7      0.5995540             -0.2072930        
  8      0.3259080              0.2166400        
  9      0.1707020              0.4503280        
 10      0.0861840              0.3260470        
D   10
  1     43.8130000              0.0006010        
  2     19.8991000             -0.0044620        
  3     12.4262000              0.0187110        
  4      5.6402700             -0.1203430        
  5      1.8794500              0.5070940        
  6      1.0692500              0.5686510        
  7      0.5995540             -0.5572300        
  8      0.3259080             -0.7057520        
  9      0.1707020              0.0897640        
 10      0.0861840              0.5713880        
D   10
  1     43.8130000              0.0019920        
  2     19.8991000             -0.0144700        
  3     12.4262000              0.0443120        
  4      5.6402700             -0.2210940        
  5      1.8794500              1.3855020        
  6      1.0692500             -0.4492360        
  7      0.5995540             -1.6111680        
  8      0.3259080              1.0072380        
  9      0.1707020              0.7000400        
 10      0.0861840             -0.5103520        
D   10
  1     43.8130000              0.0066070        
  2     19.8991000             -0.0416800        
  3     12.4262000              0.0540540        
  4      5.6402700              0.1831770        
  5      1.8794500             -2.8487810        
  6      1.0692500              4.7681860        
  7      0.5995540             -2.6811700        
  8      0.3259080             -0.6021470        
  9      0.1707020              1.4415890        
 10      0.0861840             -0.1580950        
D   1
  1      0.0410370              1.0000000        
F   1
  1      1.8012000              1.0000000        
F   1
  1      0.8781000              1.0000000        
F   1
  1      0.4281000              1.0000000        
F   1
  1      0.2087000              1.0000000        
G   1
  1      2.1503000              1.0000000        
G   1
  1      0.9139000              1.0000000        
G   1
  1      0.3884000              1.0000000        
H   1
  1      1.6762000              1.0000000        
H   1
  1      0.6562000              1.0000000        
I   1
  1      1.3796000              1.0000000

PLATINUM
S   15
  1    413.6000000              0.0000060        
  2    103.5350000              0.0004160        
  3     64.1243000             -0.0038720        
  4     39.8615000              0.0264020        
  5     24.7987000             -0.1193560        
  6     13.9302000              0.3575240        
  7      7.8013800             -0.1644950        
  8      4.8699100             -0.6967770        
  9      2.7428100             -0.0777230        
 10      1.7119200              0.5375150        
 11      1.0158000              0.6169060        
 12      0.5725730              0.2761470        
 13      0.2878640              0.0315070        
 14      0.1415920              0.0018730        
 15      0.0675100              0.0015970        
S   15
  1    413.6000000             -0.0000030        
  2    103.5350000             -0.0001160        
  3     64.1243000              0.0011680        
  4     39.8615000             -0.0085740        
  5     24.7987000              0.0407120        
  6     13.9302000             -0.1279210        
  7      7.8013800              0.0692260        
  8      4.8699100              0.2586680        
  9      2.7428100              0.0219490        
 10      1.7119200             -0.2466890        
 11      1.0158000             -0.3419970        
 12      0.5725730             -0.2239690        
 13      0.2878640              0.0985710        
 14      0.1415920              0.4687040        
 15      0.0675100              0.5216110        
S   15
  1    413.6000000             -0.0000090        
  2    103.5350000             -0.0001020        
  3     64.1243000              0.0016960        
  4     39.8615000             -0.0155390        
  5     24.7987000              0.0798540        
  6     13.9302000             -0.2597120        
  7      7.8013800              0.1412320        
  8      4.8699100              0.5472760        
  9      2.7428100              0.1708990        
 10      1.7119200             -0.8336090        
 11      1.0158000             -1.2372210        
 12      0.5725730              0.5347410        
 13      0.2878640              1.6196050        
 14      0.1415920              0.0999360        
 15      0.0675100             -0.8380750        
S   15
  1    413.6000000             -0.0000230        
  2    103.5350000              0.0001920        
  3     64.1243000              0.0006930        
  4     39.8615000             -0.0173180        
  5     24.7987000              0.1061720        
  6     13.9302000             -0.3657080        
  7      7.8013800              0.1730430        
  8      4.8699100              0.9047650        
  9      2.7428100              0.7788370        
 10      1.7119200             -3.6748070        
 11      1.0158000             -0.2814290        
 12      0.5725730              4.3832080        
 13      0.2878640             -1.3107940        
 14      0.1415920             -2.0136030        
 15      0.0675100              0.8160260        
S   15
  1    413.6000000              0.0001010        
  2    103.5350000             -0.0028110        
  3     64.1243000              0.0117530        
  4     39.8615000             -0.0121690        
  5     24.7987000             -0.0757860        
  6     13.9302000              0.3634740        
  7      7.8013800              0.2182630        
  8      4.8699100             -2.5719310        
  9      2.7428100              0.7049640        
 10      1.7119200              8.4353250        
 11      1.0158000            -10.7771740        
 12      0.5725730              2.0354810        
 13      0.2878640              4.8458390        
 14      0.1415920             -3.8200850        
 15      0.0675100             -0.1992670        
S   15
  1    413.6000000              0.0007230        
  2    103.5350000             -0.0245520        
  3     64.1243000              0.1165430        
  4     39.8615000             -0.2862430        
  5     24.7987000              0.3824860        
  6     13.9302000             -0.4129910        
  7      7.8013800              2.9730610        
  8      4.8699100            -10.5360960        
  9      2.7428100             17.8678350        
 10      1.7119200             -8.5137410        
 11      1.0158000            -10.8888750        
 12      0.5725730             16.9161650        
 13      0.2878640            -10.5173940        
 14      0.1415920              2.4231110        
 15      0.0675100              2.1083970        
S   1
  1      0.0318870              1.0000000        
P   12
  1    393.3780000              0.0000050        
  2     34.4003000              0.0019530        
  3     21.4843000             -0.0225700        
  4     13.4194000              0.1043340        
  5      8.3804900             -0.1002180        
  6      5.1899400             -0.2322400        
  7      1.8586300              0.3832730        
  8      1.0315300              0.4888420        
  9      0.5492050              0.2701700        
 10      0.2700570              0.0549560        
 11      0.1241700              0.0032310        
 12      0.0562650              0.0007140        
P   12
  1    393.3780000             -0.0000010        
  2     34.4003000             -0.0005970        
  3     21.4843000              0.0067220        
  4     13.4194000             -0.0315200        
  5      8.3804900              0.0334640        
  6      5.1899400              0.0654460        
  7      1.8586300             -0.1329850        
  8      1.0315300             -0.1837780        
  9      0.5492050             -0.0979100        
 10      0.2700570              0.1553100        
 11      0.1241700              0.4305860        
 12      0.0562650              0.4499480        
P   12
  1    393.3780000             -0.0000040        
  2     34.4003000             -0.0010070        
  3     21.4843000              0.0133030        
  4     13.4194000             -0.0659420        
  5      8.3804900              0.0680320        
  6      5.1899400              0.1546200        
  7      1.8586300             -0.3345030        
  8      1.0315300             -0.4867300        
  9      0.5492050              0.0680490        
 10      0.2700570              0.6768730        
 11      0.1241700              0.4130540        
 12      0.0562650              0.0407020        
P   12
  1    393.3780000             -0.0000200        
  2     34.4003000              0.0006900        
  3     21.4843000              0.0096580        
  4     13.4194000             -0.0763270        
  5      8.3804900              0.0588180        
  6      5.1899400              0.3278770        
  7      1.8586300             -0.9464050        
  8      1.0315300             -0.6305640        
  9      0.5492050              1.6323920        
 10      0.2700570              0.2341700        
 11      0.1241700             -0.9225510        
 12      0.0562650             -0.1668600        
P   12
  1    393.3780000              0.0000310        
  2     34.4003000             -0.0011490        
  3     21.4843000             -0.0147660        
  4     13.4194000              0.1225100        
  5      8.3804900             -0.0880640        
  6      5.1899400             -0.6398770        
  7      1.8586300              3.3651140        
  8      1.0315300             -3.4776510        
  9      0.5492050             -0.2409940        
 10      0.2700570              2.2262310        
 11      0.1241700             -1.0132520        
 12      0.0562650             -0.3037430        
P   12
  1    393.3780000             -0.0005760        
  2     34.4003000              0.1051820        
  3     21.4843000             -0.5513360        
  4     13.4194000              1.5580790        
  5      8.3804900             -2.4882440        
  6      5.1899400              1.3706840        
  7      1.8586300              3.5240310        
  8      1.0315300             -8.2203150        
  9      0.5492050              8.1974080        
 10      0.2700570             -4.3726250        
 11      0.1241700              0.7179430        
 12      0.0562650              0.5610450        
P   1
  1      0.0251200              1.0000000        
D   10
  1     58.1968000              0.0000860        
  2     20.2554000             -0.0006670        
  3     12.6079000              0.0076160        
  4      5.8790400             -0.0613110        
  5      1.9818600              0.1725670        
  6      1.1232200              0.2879770        
  7      0.6296090              0.3035360        
  8      0.3455230              0.2480300        
  9      0.1837110              0.1567080        
 10      0.0939850              0.0638530        
D   10
  1     58.1968000             -0.0001370        
  2     20.2554000              0.0010940        
  3     12.6079000             -0.0095830        
  4      5.8790400              0.0753300        
  5      1.9818600             -0.2469430        
  6      1.1232200             -0.4422110        
  7      0.6296090             -0.1577800        
  8      0.3455230              0.2625890        
  9      0.1837110              0.4399190        
 10      0.0939850              0.2968390        
D   10
  1     58.1968000              0.0004750        
  2     20.2554000             -0.0045800        
  3     12.6079000              0.0208790        
  4      5.8790400             -0.1273270        
  5      1.9818600              0.5802830        
  6      1.1232200              0.5251810        
  7      0.6296090             -0.7014920        
  8      0.3455230             -0.6187960        
  9      0.1837110              0.1625180        
 10      0.0939850              0.5585850        
D   10
  1     58.1968000              0.0008940        
  2     20.2554000             -0.0093280        
  3     12.6079000              0.0388740        
  4      5.8790400             -0.2284820        
  5      1.9818600              1.6233820        
  6      1.1232200             -0.9640830        
  7      0.6296090             -1.3247310        
  8      0.3455230              1.1506530        
  9      0.1837110              0.5492260        
 10      0.0939850             -0.5367150        
D   10
  1     58.1968000              0.0057080        
  2     20.2554000             -0.0592650        
  3     12.6079000              0.1047510        
  4      5.8790400              0.1049320        
  5      1.9818600             -2.8794460        
  6      1.1232200              5.3285780        
  7      0.6296090             -3.7713170        
  8      0.3455230              0.2708710        
  9      0.1837110              1.1748770        
 10      0.0939850             -0.1838840        
D   1
  1      0.0451010              1.0000000        
F   1
  1      1.9666000              1.0000000        
F   1
  1      0.9739000              1.0000000        
F   1
  1      0.4823000              1.0000000        
F   1
  1      0.2388000              1.0000000        
G   1
  1      2.3675000              1.0000000        
G   1
  1      1.0229000              1.0000000        
G   1
  1      0.4419000              1.0000000        
H   1
  1      1.8436000              1.0000000        
H   1
  1      0.7332000              1.0000000        
I   1
  1      1.5370000              1.0000000


