CALCIUM
S   17
  1 28249600.0000000            0.00000043       
  2 4250190.0000000             0.00000329       
  3 975014.0000000              0.00001714       
  4 277446.0000000              0.00007228       
  5  90454.7000000              0.00026522       
  6  32515.9000000              0.00087484       
  7  12610.6000000              0.00264991       
  8   5190.7700000              0.00748447       
  9   2242.3300000              0.01973093       
 10   1011.5300000              0.04779799       
 11    475.5470000              0.10359562       
 12    232.0720000              0.19293018       
 13    116.8740000              0.28626757       
 14     60.3427000              0.29278494       
 15     31.5244000              0.16312798       
 16     16.0308000              0.03221688       
 17      8.4599200              0.00059258       
S   17
  1 28249600.0000000           -0.00000012       
  2 4250190.0000000            -0.00000096       
  3 975014.0000000             -0.00000497       
  4 277446.0000000             -0.00002099       
  5  90454.7000000             -0.00007701       
  6  32515.9000000             -0.00025431       
  7  12610.6000000             -0.00077168       
  8   5190.7700000             -0.00219083       
  9   2242.3300000             -0.00583567       
 10   1011.5300000             -0.01446869       
 11    475.5470000             -0.03280384       
 12    232.0720000             -0.06674435       
 13    116.8740000             -0.11668667       
 14     60.3427000             -0.15919701       
 15     31.5244000             -0.11620650       
 16     16.0308000              0.10547012       
 17      8.4599200              0.42483472       
S   17
  1 28249600.0000000            0.00000004       
  2 4250190.0000000             0.00000033       
  3 975014.0000000              0.00000172       
  4 277446.0000000              0.00000724       
  5  90454.7000000              0.00002656       
  6  32515.9000000              0.00008772       
  7  12610.6000000              0.00026618       
  8   5190.7700000              0.00075622       
  9   2242.3300000              0.00201618       
 10   1011.5300000              0.00501203       
 11    475.5470000              0.01141485       
 12    232.0720000              0.02345426       
 13    116.8740000              0.04173784       
 14     60.3427000              0.05894305       
 15     31.5244000              0.04503419       
 16     16.0308000             -0.04437618       
 17      8.4599200             -0.21875449       
S   1
  1      4.5271800              1.0000000        
S   1
  1      2.4185900              1.0000000        
S   1
  1      1.2512900              1.0000000        
S   1
  1      0.6434300              1.0000000        
S   1
  1      0.3291800              1.0000000        
S   1
  1      0.1423900              1.0000000        
S   1
  1      0.0781900              1.0000000        
S   1
  1      0.0376300              1.0000000        
S   1
  1      0.0182900              1.0000000        
P   10
  1 406353.0000000              0.00000023       
  2  13600.7000000              0.00002393       
  3   3235.4700000              0.00021218       
  4   1053.0500000              0.00122733       
  5    403.5690000              0.00545277       
  6    171.4900000              0.01962669       
  7     78.2363000              0.05827993       
  8     37.6065000              0.13955299       
  9     18.7090000              0.25592562       
 10      9.5004100              0.33998132       
P   10
  1 406353.0000000             -0.00000007       
  2  13600.7000000             -0.00000779       
  3   3235.4700000             -0.00006908       
  4   1053.0500000             -0.00040059       
  5    403.5690000             -0.00178490       
  6    171.4900000             -0.00648320       
  7     78.2363000             -0.01956244       
  8     37.6065000             -0.04824767       
  9     18.7090000             -0.09128611       
 10      9.5004100             -0.12842086       
P   1
  1      4.9055700              1.0000000        
P   1
  1      2.5267000              1.0000000        
P   1
  1      1.2713900              1.0000000        
P   1
  1      0.6260100              1.0000000        
P   1
  1      0.3009900              1.0000000        
P   1
  1      0.1176900              1.0000000        
P   1
  1      0.0511600              1.0000000        
P   1
  1      0.0214200              1.0000000        
D   4
  1     39.5628000              0.00344600       
  2     11.4373000              0.02136000       
  3      3.9674300              0.07544800       
  4      1.5247800              0.17152800       
D   1
  1      0.5904700              1.0000000        
D   1
  1      0.2191400              1.0000000        
D   1
  1      0.0795700              1.0000000        
D   1
  1      0.0283400              1.0000000        
F   1
  1      0.0860000              1.0000000        
F   1
  1      0.2580000              1.0000000        
F   1
  1      0.7741000              1.0000000        
G   1
  1      0.1012000              1.0000000        
G   1
  1      0.3023000              1.0000000        
H   1
  1      0.2534000              1.0000000


