COPPER
S   11
  1   1807.7308250              0.0001880        
  2    251.7439650              0.0010750        
  3     58.1825800             -0.0210190        
  4     39.8134860              0.0703230        
  5     10.7973110             -0.4181020        
  6      2.5022870              0.6206780        
  7      1.1971720              0.5005230        
  8      0.8226210              0.0109790        
  9      0.5556120              0.0961160        
 10      0.1416690              0.0020990        
 11      0.0616920              0.0007320        
S   11
  1   1807.7308250             -0.0000490        
  2    251.7439650             -0.0002250        
  3     58.1825800              0.0041060        
  4     39.8134860             -0.0153120        
  5     10.7973110              0.1040150        
  6      2.5022870             -0.2018010        
  7      1.1971720             -0.1061540        
  8      0.8226210             -0.2414500        
  9      0.5556120              0.1046320        
 10      0.1416690              0.4978050        
 11      0.0616920              0.4845030        
S   11
  1   1807.7308250              0.0001110        
  2    251.7439650              0.0003560        
  3     58.1825800             -0.0058710        
  4     39.8134860              0.0277870        
  5     10.7973110             -0.2261350        
  6      2.5022870              0.6702810        
  7      1.1971720             -0.3780580        
  8      0.8226210              1.5951580        
  9      0.5556120             -1.7221490        
 10      0.1416690             -1.0173390        
 11      0.0616920              0.8210450        
S   11
  1   1807.7308250              0.0003040        
  2    251.7439650             -0.0005380        
  3     58.1825800              0.0139890        
  4     39.8134860              0.0135090        
  5     10.7973110             -0.4280050        
  6      2.5022870              1.9843720        
  7      1.1971720             -1.3420200        
  8      0.8226210              0.8909640        
  9      0.5556120             -2.0755070        
 10      0.1416690              1.7954940        
 11      0.0616920             -0.1966680        
S   11
  1   1807.7308250             -0.0008800        
  2    251.7439650              0.0073980        
  3     58.1825800             -0.1513190        
  4     39.8134860              0.1927310        
  5     10.7973110              0.3931050        
  6      2.5022870             -4.0423060        
  7      1.1971720              7.3279370        
  8      0.8226210             -1.3511920        
  9      0.5556120             -3.1848160        
 10      0.1416690              0.0057920        
 11      0.0616920              1.8875070        
S   1
  1      0.0274420              1.0000000        
P   11
  1    349.7826230              0.0002460        
  2     57.5634020              0.0051040        
  3     20.8781360             -0.0431930        
  4     14.3987150             -0.0476770        
  5      4.6686920              0.2970480        
  6      2.2476330              0.4745230        
  7      1.0321260              0.3133830        
  8      0.4260790              0.0610900        
  9      0.2415970             -0.0036660        
 10      0.0945850              0.0022710        
 11      0.0383860             -0.0007250        
P   11
  1    349.7826230             -0.0000300        
  2     57.5634020             -0.0006680        
  3     20.8781360              0.0061660        
  4     14.3987150              0.0047530        
  5      4.6686920             -0.0409020        
  6      2.2476330             -0.0668560        
  7      1.0321260             -0.0403450        
  8      0.4260790              0.0081790        
  9      0.2415970              0.1123000        
 10      0.0945850              0.3113450        
 11      0.0383860              0.4905040        
P   11
  1    349.7826230             -0.0001490        
  2     57.5634020             -0.0034610        
  3     20.8781360              0.0361860        
  4     14.3987150              0.0173150        
  5      4.6686920             -0.2537580        
  6      2.2476330             -0.3546670        
  7      1.0321260              0.1185350        
  8      0.4260790              0.4407700        
  9      0.2415970              0.4924600        
 10      0.0945850              0.1122730        
 11      0.0383860             -0.4259700        
P   11
  1    349.7826230             -0.0002940        
  2     57.5634020             -0.0052940        
  3     20.8781360              0.0680540        
  4     14.3987150              0.0228840        
  5      4.6686920             -0.6229320        
  6      2.2476330             -0.3706470        
  7      1.0321260              0.9478670        
  8      0.4260790              0.7553840        
  9      0.2415970             -1.0122010        
 10      0.0945850             -0.5002490        
 11      0.0383860              0.4543220        
P   11
  1    349.7826230              0.0003790        
  2     57.5634020              0.0078090        
  3     20.8781360             -0.1468790        
  4     14.3987150              0.0559470        
  5      4.6686920              1.3098250        
  6      2.2476330             -0.9199820        
  7      1.0321260             -1.1941230        
  8      0.4260790              2.2070120        
  9      0.2415970             -0.6715070        
 10      0.0945850             -0.9531650        
 11      0.0383860              0.4207960        
P   1
  1      0.0161320              1.0000000        
D   9
  1    141.4175300              0.0026220        
  2     44.2484920              0.0249910        
  3     17.3655230              0.0938570        
  4      7.3332060              0.2247970        
  5      3.1468850              0.3362040        
  6      1.3025290              0.3455180        
  7      0.5018660              0.2614820        
  8      0.1717620              0.1039270        
  9      0.0600000              0.0038590        
D   9
  1    141.4175300             -0.0033260        
  2     44.2484920             -0.0316600        
  3     17.3655230             -0.1226390        
  4      7.3332060             -0.2993210        
  5      3.1468850             -0.3374060        
  6      1.3025290              0.0696600        
  7      0.5018660              0.5266380        
  8      0.1717620              0.3621340        
  9      0.0600000              0.0294170        
D   9
  1    141.4175300              0.0039900        
  2     44.2484920              0.0387350        
  3     17.3655230              0.1546670        
  4      7.3332060              0.3967910        
  5      3.1468850              0.0979480        
  6      1.3025290             -0.7291680        
  7      0.5018660             -0.0919880        
  8      0.1717620              0.6836510        
  9      0.0600000              0.1357360        
D   9
  1    141.4175300              0.0056620        
  2     44.2484920              0.0554530        
  3     17.3655230              0.2385990        
  4      7.3332060              0.5887970        
  5      3.1468850             -0.7450510        
  6      1.3025290             -0.3992660        
  7      0.5018660              1.0703810        
  8      0.1717620             -0.5648800        
  9      0.0600000             -0.2911750        
F   1
  1      5.1000000              1.0000000        
F   1
  1      1.2750000              1.0000000        
F   1
  1      0.3200000              1.0000000        
G   1
  1      3.6800000              1.0000000        
G   1
  1      0.9200000              1.0000000


