SODIUM
S   1
  1      0.4972000              1.0000000        
S   1
  1      0.0560000              1.0000000        
S   1
  1      0.0221000              1.0000000        
P   1
  1      0.6697000              1.0000000        
P   1
  1      0.0636000              1.0000000        
P   1
  1      0.0204000              1.0000000

MAGNESIUM
S   1
  1      0.7250000              1.0000000        
S   1
  1      0.1112000              1.0000000        
S   1
  1      0.0404000              1.0000000        
P   1
  1      1.2400000              1.0000000        
P   1
  1      0.1346000              1.0000000        
P   1
  1      0.0422000              1.0000000

ALUMINUM
S   1
  1      0.9615000              1.0000000        
S   1
  1      0.1819000              1.0000000        
S   1
  1      0.0657000              1.0000000        
P   1
  1      1.9280000              1.0000000        
P   1
  1      0.2013000              1.0000000        
P   1
  1      0.0580000              1.0000000

SILICON
S   1
  1      1.2220000              1.0000000        
S   1
  1      0.2595000              1.0000000        
S   1
  1      0.0931000              1.0000000        
P   1
  1      2.5800000              1.0000000        
P   1
  1      0.2984000              1.0000000        
P   1
  1      0.0885000              1.0000000

PHOSPHORUS
S   1
  1      1.5160000              1.0000000        
S   1
  1      0.3369000              1.0000000        
S   1
  1      0.1211000              1.0000000        
P   1
  1      3.7050000              1.0000000        
P   1
  1      0.3934000              1.0000000        
P   1
  1      0.1190000              1.0000000

SULFUR
S   1
  1      1.8500000              1.0000000        
S   1
  1      0.4035000              1.0000000        
S   1
  1      0.1438000              1.0000000        
P   1
  1      4.9450000              1.0000000        
P   1
  1      0.4870000              1.0000000        
P   1
  1      0.1379000              1.0000000

CHLORINE
S   1
  1      2.2310000              1.0000000        
S   1
  1      0.4720000              1.0000000        
S   1
  1      0.1631000              1.0000000        
P   1
  1      6.2960000              1.0000000        
P   1
  1      0.6333000              1.0000000        
P   1
  1      0.1819000              1.0000000

ARGON
S   1
  1      2.6130000              1.0000000        
S   1
  1      0.5736000              1.0000000        
S   1
  1      0.2014000              1.0000000        
P   1
  1      7.8600000              1.0000000        
P   1
  1      0.7387000              1.0000000        
P   1
  1      0.2081000              1.0000000

POTASSIUM
S   1
  1      3.0720000              1.0000000        
S   1
  1      0.6752000              1.0000000        
S   1
  1      0.2545000              1.0000000        
S   1
  1      0.0529000              1.0000000        
S   1
  1      0.0209000              1.0000000        
P   1
  1      8.2330000              1.0000000        
P   1
  1      0.9526000              1.0000000        
P   1
  1      0.3013000              1.0000000        
P   1
  1      0.0376000              1.0000000        
P   1
  1      0.0140000              1.0000000

CALCIUM
S   1
  1      3.4840000              1.0000000        
S   1
  1      0.8551000              1.0000000        
S   1
  1      0.3192000              1.0000000        
S   1
  1      0.1447000              1.0000000        
S   1
  1      0.0350000              1.0000000        
P   1
  1      9.4200000              1.0000000        
P   1
  1      1.1500000              1.0000000        
P   1
  1      0.3688000              1.0000000        
P   1
  1      0.0705000              1.0000000        
P   1
  1      0.0263000              1.0000000

SCANDIUM
S   1
  1      3.7170000              1.0000000        
S   1
  1      1.0970000              1.0000000        
S   1
  1      0.4164000              1.0000000        
S   1
  1      0.0761000              1.0000000        
S   1
  1      0.0284000              1.0000000        
P   1
  1     10.4000000              1.0000000        
P   1
  1      1.3110000              1.0000000        
P   1
  1      0.4266000              1.0000000        
P   1
  1      0.0470000              1.0000000        
P   1
  1      0.0140000              1.0000000        
D   1
  1     15.1300000              1.0000000        
D   1
  1      4.2050000              1.0000000        
D   1
  1      1.3030000              1.0000000        
D   1
  1      0.3680000              1.0000000        
D   1
  1      0.0812000              1.0000000

TITANIUM
S   1
  1      4.3720000              1.0000000        
S   1
  1      1.0980000              1.0000000        
S   1
  1      0.4178000              1.0000000        
S   1
  1      0.0872000              1.0000000        
S   1
  1      0.0314000              1.0000000        
P   1
  1     12.5200000              1.0000000        
P   1
  1      1.4910000              1.0000000        
P   1
  1      0.4859000              1.0000000        
P   1
  1      0.0530000              1.0000000        
P   1
  1      0.0160000              1.0000000        
D   1
  1     20.2100000              1.0000000        
D   1
  1      5.4950000              1.0000000        
D   1
  1      1.6990000              1.0000000        
D   1
  1      0.4840000              1.0000000        
D   1
  1      0.1157000              1.0000000

VANADIUM
S   1
  1      4.5900000              1.0000000        
S   1
  1      1.4930000              1.0000000        
S   1
  1      0.5570000              1.0000000        
S   1
  1      0.0975000              1.0000000        
S   1
  1      0.0342000              1.0000000        
P   1
  1     13.7600000              1.0000000        
P   1
  1      1.7120000              1.0000000        
P   1
  1      0.5587000              1.0000000        
P   1
  1      0.0590000              1.0000000        
P   1
  1      0.0180000              1.0000000        
D   1
  1     25.7000000              1.0000000        
D   1
  1      6.5300000              1.0000000        
D   1
  1      2.0780000              1.0000000        
D   1
  1      0.6243000              1.0000000        
D   1
  1      0.1542000              1.0000000

CHROMIUM
S   1
  1      5.3610000              1.0000000        
S   1
  1      1.4490000              1.0000000        
S   1
  1      0.5496000              1.0000000        
S   1
  1      0.1052000              1.0000000        
S   1
  1      0.0364000              1.0000000        
P   1
  1     16.4200000              1.0000000        
P   1
  1      1.9140000              1.0000000        
P   1
  1      0.6241000              1.0000000        
P   1
  1      0.0630000              1.0000000        
P   1
  1      0.0190000              1.0000000        
D   1
  1     28.9500000              1.0000000        
D   1
  1      7.7080000              1.0000000        
D   1
  1      2.4950000              1.0000000        
D   1
  1      0.7655000              1.0000000        
D   1
  1      0.1889000              1.0000000

MANGANESE
S   1
  1      5.9140000              1.0000000        
S   1
  1      1.6050000              1.0000000        
S   1
  1      0.6260000              1.0000000        
S   1
  1      0.1115000              1.0000000        
S   1
  1      0.0380000              1.0000000        
P   1
  1     18.2000000              1.0000000        
P   1
  1      2.1410000              1.0000000        
P   1
  1      0.7009000              1.0000000        
P   1
  1      0.0690000              1.0000000        
P   1
  1      0.0210000              1.0000000        
D   1
  1     32.2700000              1.0000000        
D   1
  1      8.8750000              1.0000000        
D   1
  1      2.8900000              1.0000000        
D   1
  1      0.8761000              1.0000000        
D   1
  1      0.2120000              1.0000000

IRON
S   1
  1      6.4220000              1.0000000        
S   1
  1      1.8260000              1.0000000        
S   1
  1      0.7135000              1.0000000        
S   1
  1      0.1021000              1.0000000        
S   1
  1      0.0363000              1.0000000        
P   1
  1     19.4800000              1.0000000        
P   1
  1      2.3890000              1.0000000        
P   1
  1      0.7795000              1.0000000        
P   1
  1      0.0740000              1.0000000        
P   1
  1      0.0220000              1.0000000        
D   1
  1     37.0800000              1.0000000        
D   1
  1     10.1000000              1.0000000        
D   1
  1      3.2200000              1.0000000        
D   1
  1      0.9628000              1.0000000        
D   1
  1      0.2262000              1.0000000

COBALT
S   1
  1      7.1760000              1.0000000        
S   1
  1      2.0090000              1.0000000        
S   1
  1      0.8055000              1.0000000        
S   1
  1      0.1070000              1.0000000        
S   1
  1      0.0375000              1.0000000        
P   1
  1     21.3900000              1.0000000        
P   1
  1      2.6500000              1.0000000        
P   1
  1      0.8619000              1.0000000        
P   1
  1      0.0800000              1.0000000        
P   1
  1      0.0230000              1.0000000        
D   1
  1     39.2500000              1.0000000        
D   1
  1     10.7800000              1.0000000        
D   1
  1      3.4960000              1.0000000        
D   1
  1      1.0660000              1.0000000        
D   1
  1      0.2606000              1.0000000

NICKEL
S   1
  1      7.6200000              1.0000000        
S   1
  1      2.2940000              1.0000000        
S   1
  1      0.8760000              1.0000000        
S   1
  1      0.1153000              1.0000000        
S   1
  1      0.0396000              1.0000000        
P   1
  1     23.6600000              1.0000000        
P   1
  1      2.8930000              1.0000000        
P   1
  1      0.9435000              1.0000000        
P   1
  1      0.0840000              1.0000000        
P   1
  1      0.0240000              1.0000000        
D   1
  1     42.7200000              1.0000000        
D   1
  1     11.7600000              1.0000000        
D   1
  1      3.8170000              1.0000000        
D   1
  1      1.1690000              1.0000000        
D   1
  1      0.2836000              1.0000000

COPPER
S   1
  1      8.1760000              1.0000000        
S   1
  1      2.5680000              1.0000000        
S   1
  1      0.9587000              1.0000000        
S   1
  1      0.1153000              1.0000000        
S   1
  1      0.0396000              1.0000000        
P   1
  1     25.6300000              1.0000000        
P   1
  1      3.1660000              1.0000000        
P   1
  1      1.0230000              1.0000000        
P   1
  1      0.0860000              1.0000000        
P   1
  1      0.0240000              1.0000000        
D   1
  1     41.3400000              1.0000000        
D   1
  1     11.4200000              1.0000000        
D   1
  1      3.8390000              1.0000000        
D   1
  1      1.2300000              1.0000000        
D   1
  1      0.3102000              1.0000000

ZINC
S   1
  1      0.7997000              1.0000000        
S   1
  1      0.1752000              1.0000000        
S   1
  1      0.0556000              1.0000000        
P   1
  1      0.1202000              1.0000000        
P   1
  1      0.0351000              1.0000000        
D   1
  1     68.8500000              1.0000000        
D   1
  1     18.3200000              1.0000000        
D   1
  1      5.9220000              1.0000000        
D   1
  1      1.9270000              1.0000000        
D   1
  1      0.5528000              1.0000000

GALLIUM
S   1
  1      0.8306000              1.0000000        
S   1
  1      0.3392000              1.0000000        
S   1
  1      0.0918000              1.0000000        
P   1
  1      1.6750000              1.0000000        
P   1
  1      0.2030000              1.0000000        
P   1
  1      0.0579000              1.0000000

GERMANIUM
S   1
  1      0.8935000              1.0000000        
S   1
  1      0.4424000              1.0000000        
S   1
  1      0.1162000              1.0000000        
P   1
  1      1.8770000              1.0000000        
P   1
  1      0.2623000              1.0000000        
P   1
  1      0.0798000              1.0000000

ARSENIC
S   1
  1      0.9635000              1.0000000        
S   1
  1      0.5427000              1.0000000        
S   1
  1      0.1407000              1.0000000        
P   1
  1      2.0840000              1.0000000        
P   1
  1      0.3224000              1.0000000        
P   1
  1      0.1020000              1.0000000

SELENIUM
S   1
  1      1.0330000              1.0000000        
S   1
  1      0.6521000              1.0000000        
S   1
  1      0.1660000              1.0000000        
P   1
  1      2.3660000              1.0000000        
P   1
  1      0.3833000              1.0000000        
P   1
  1      0.1186000              1.0000000

BROMINE
S   1
  1      1.1590000              1.0000000        
S   1
  1      0.7107000              1.0000000        
S   1
  1      0.1905000              1.0000000        
P   1
  1      2.6910000              1.0000000        
P   1
  1      0.4446000              1.0000000        
P   1
  1      0.1377000              1.0000000

KRYPTON
S   1
  1      1.2270000              1.0000000        
S   1
  1      0.8457000              1.0000000        
S   1
  1      0.2167000              1.0000000        
P   1
  1      2.9200000              1.0000000        
P   1
  1      0.5169000              1.0000000        
P   1
  1      0.1614000              1.0000000

RUBIDIUM
S   1
  1      1.4570000              1.0000000        
S   1
  1      0.9400000              1.0000000        
S   1
  1      0.2706000              1.0000000        
S   1
  1      0.0366000              1.0000000        
S   1
  1      0.0155000              1.0000000        
P   1
  1      3.3000000              1.0000000        
P   1
  1      0.5985000              1.0000000        
P   1
  1      0.1947000              1.0000000        
P   1
  1      0.0318000              1.0000000        
P   1
  1      0.0124000              1.0000000

STRONTIUM
S   1
  1      1.6480000              1.0000000        
S   1
  1      1.0030000              1.0000000        
S   1
  1      0.3106000              1.0000000        
S   1
  1      0.1099000              1.0000000        
S   1
  1      0.0292000              1.0000000        
P   1
  1      3.5520000              1.0000000        
P   1
  1      0.6975000              1.0000000        
P   1
  1      0.2480000              1.0000000        
P   1
  1      0.0570000              1.0000000        
P   1
  1      0.0222000              1.0000000

YTTRIUM
S   1
  1      1.7510000              1.0000000        
S   1
  1      1.1430000              1.0000000        
S   1
  1      0.3581000              1.0000000        
S   1
  1      0.1058000              1.0000000        
S   1
  1      0.0318000              1.0000000        
P   1
  1      3.8840000              1.0000000        
P   1
  1      0.7660000              1.0000000        
P   1
  1      0.2890000              1.0000000        
P   1
  1      0.0629000              1.0000000        
P   1
  1      0.0223000              1.0000000        
D   1
  1      1.5230000              1.0000000        
D   1
  1      0.5634000              1.0000000        
D   1
  1      0.1834000              1.0000000        
D   1
  1      0.0569000              1.0000000

ZIRCONIUM
S   1
  1      1.9760000              1.0000000        
S   1
  1      1.1540000              1.0000000        
S   1
  1      0.3910000              1.0000000        
S   1
  1      0.1001000              1.0000000        
S   1
  1      0.0334000              1.0000000        
P   1
  1      4.1920000              1.0000000        
P   1
  1      0.8764000              1.0000000        
P   1
  1      0.2972000              1.0000000        
P   1
  1      0.0724000              1.0000000        
P   1
  1      0.0243000              1.0000000        
D   1
  1      2.2690000              1.0000000        
D   1
  1      0.7855000              1.0000000        
D   1
  1      0.2615000              1.0000000        
D   1
  1      0.0802000              1.0000000

NIOBIUM
S   1
  1      2.1820000              1.0000000        
S   1
  1      1.2090000              1.0000000        
S   1
  1      0.4165000              1.0000000        
S   1
  1      0.1454000              1.0000000        
S   1
  1      0.0392000              1.0000000        
P   1
  1      4.5190000              1.0000000        
P   1
  1      0.9406000              1.0000000        
P   1
  1      0.3492000              1.0000000        
P   1
  1      0.0752000              1.0000000        
P   1
  1      0.0247000              1.0000000        
D   1
  1      3.4660000              1.0000000        
D   1
  1      0.9938000              1.0000000        
D   1
  1      0.3350000              1.0000000        
D   1
  1      0.1024000              1.0000000

MOLYBDENUM
S   1
  1      2.3610000              1.0000000        
S   1
  1      1.3090000              1.0000000        
S   1
  1      0.4500000              1.0000000        
S   1
  1      0.1681000              1.0000000        
S   1
  1      0.0423000              1.0000000        
P   1
  1      4.8950000              1.0000000        
P   1
  1      1.0440000              1.0000000        
P   1
  1      0.3877000              1.0000000        
P   1
  1      0.0780000              1.0000000        
P   1
  1      0.0247000              1.0000000        
D   1
  1      2.9930000              1.0000000        
D   1
  1      1.0630000              1.0000000        
D   1
  1      0.3721000              1.0000000        
D   1
  1      0.1178000              1.0000000

TECHNETIUM
S   1
  1      2.3420000              1.0000000        
S   1
  1      1.6340000              1.0000000        
S   1
  1      0.5094000              1.0000000        
S   1
  1      0.1706000              1.0000000        
S   1
  1      0.0435000              1.0000000        
P   1
  1      5.2780000              1.0000000        
P   1
  1      1.1560000              1.0000000        
P   1
  1      0.4302000              1.0000000        
P   1
  1      0.0895000              1.0000000        
P   1
  1      0.0246000              1.0000000        
D   1
  1      4.6320000              1.0000000        
D   1
  1      1.2790000              1.0000000        
D   1
  1      0.4425000              1.0000000        
D   1
  1      0.1364000              1.0000000

RUTHENIUM
S   1
  1      2.5650000              1.0000000        
S   1
  1      1.5080000              1.0000000        
S   1
  1      0.5129000              1.0000000        
S   1
  1      0.1362000              1.0000000        
S   1
  1      0.0417000              1.0000000        
P   1
  1      4.8590000              1.0000000        
P   1
  1      1.2190000              1.0000000        
P   1
  1      0.4413000              1.0000000        
P   1
  1      0.0830000              1.0000000        
P   1
  1      0.0250000              1.0000000        
D   1
  1      4.1950000              1.0000000        
D   1
  1      1.3770000              1.0000000        
D   1
  1      0.4828000              1.0000000        
D   1
  1      0.1501000              1.0000000

RHODIUM
S   1
  1      2.6460000              1.0000000        
S   1
  1      1.7510000              1.0000000        
S   1
  1      0.5713000              1.0000000        
S   1
  1      0.1438000              1.0000000        
S   1
  1      0.0428000              1.0000000        
P   1
  1      5.4400000              1.0000000        
P   1
  1      1.3290000              1.0000000        
P   1
  1      0.4845000              1.0000000        
P   1
  1      0.0869000              1.0000000        
P   1
  1      0.0257000              1.0000000        
D   1
  1      3.6690000              1.0000000        
D   1
  1      1.4230000              1.0000000        
D   1
  1      0.5091000              1.0000000        
D   1
  1      0.1610000              1.0000000

PALLADIUM
S   1
  1      2.7870000              1.0000000        
S   1
  1      1.9650000              1.0000000        
S   1
  1      0.6243000              1.0000000        
S   1
  1      0.1496000              1.0000000        
S   1
  1      0.0436000              1.0000000        
P   1
  1      5.9990000              1.0000000        
P   1
  1      1.4430000              1.0000000        
P   1
  1      0.5264000              1.0000000        
P   1
  1      0.0899000              1.0000000        
P   1
  1      0.0262000              1.0000000        
D   1
  1      6.0910000              1.0000000        
D   1
  1      1.7190000              1.0000000        
D   1
  1      0.6056000              1.0000000        
D   1
  1      0.1883000              1.0000000

SILVER
S   1
  1      2.9500000              1.0000000        
S   1
  1      2.1490000              1.0000000        
S   1
  1      0.6684000              1.0000000        
S   1
  1      0.0997000              1.0000000        
S   1
  1      0.0347000              1.0000000        
P   1
  1      6.5530000              1.0000000        
P   1
  1      1.5650000              1.0000000        
P   1
  1      0.5748000              1.0000000        
P   1
  1      0.0833000              1.0000000        
P   1
  1      0.0252000              1.0000000        
D   1
  1      3.3910000              1.0000000        
D   1
  1      1.5990000              1.0000000        
D   1
  1      0.6282000              1.0000000        
D   1
  1      0.2108000              1.0000000

CADMIUM
S   1
  1      0.5095000              1.0000000        
S   1
  1      0.1924000              1.0000000        
S   1
  1      0.0544000              1.0000000        
P   1
  1      0.8270000              1.0000000        
P   1
  1      0.1287000              1.0000000        
P   1
  1      0.0405000              1.0000000        
D   1
  1      5.1480000              1.0000000        
D   1
  1      1.9660000              1.0000000        
D   1
  1      0.7360000              1.0000000        
D   1
  1      0.2479000              1.0000000

INDIUM
S   1
  1      0.4915000              1.0000000        
S   1
  1      0.3404000              1.0000000        
S   1
  1      0.0774000              1.0000000        
P   1
  1      0.9755000              1.0000000        
P   1
  1      0.1550000              1.0000000        
P   1
  1      0.0474000              1.0000000

TIN
S   1
  1      0.5418000              1.0000000        
S   1
  1      0.3784000              1.0000000        
S   1
  1      0.0926000              1.0000000        
P   1
  1      1.0470000              1.0000000        
P   1
  1      0.1932000              1.0000000        
P   1
  1      0.0630000              1.0000000

ANTIMONY
S   1
  1      0.5863000              1.0000000        
S   1
  1      0.4293000              1.0000000        
S   1
  1      0.1078000              1.0000000        
P   1
  1      1.1110000              1.0000000        
P   1
  1      0.2365000              1.0000000        
P   1
  1      0.0800000              1.0000000

TELLURIUM
S   1
  1      0.6938000              1.0000000        
S   1
  1      0.4038000              1.0000000        
S   1
  1      0.1165000              1.0000000        
P   1
  1      1.2310000              1.0000000        
P   1
  1      0.2756000              1.0000000        
P   1
  1      0.0911000              1.0000000

IODINE
S   1
  1      0.7242000              1.0000000        
S   1
  1      0.4653000              1.0000000        
S   1
  1      0.1336000              1.0000000        
P   1
  1      1.2900000              1.0000000        
P   1
  1      0.3180000              1.0000000        
P   1
  1      0.1053000              1.0000000

XENON
S   1
  1      0.7646000              1.0000000        
S   1
  1      0.5322000              1.0000000        
S   1
  1      0.1491000              1.0000000        
P   1
  1      1.2110000              1.0000000        
P   1
  1      0.3808000              1.0000000        
P   1
  1      0.1259000              1.0000000

CESIUM
S   1
  1      0.8709000              1.0000000        
S   1
  1      0.5393000              1.0000000        
S   1
  1      0.1724000              1.0000000        
S   1
  1      0.0393000              1.0000000        
S   1
  1      0.0151000              1.0000000        
P   1
  1      1.4680000              1.0000000        
P   1
  1      0.4134000              1.0000000        
P   1
  1      0.1458000              1.0000000        
P   1
  1      0.0279000              1.0000000        
P   1
  1      0.0113000              1.0000000

BARIUM
S   1
  1      0.8699000              1.0000000        
S   1
  1      0.6676000              1.0000000        
S   1
  1      0.1982000              1.0000000        
S   1
  1      0.0823000              1.0000000        
S   1
  1      0.0231000              1.0000000        
P   1
  1      1.6050000              1.0000000        
P   1
  1      0.4790000              1.0000000        
P   1
  1      0.1804000              1.0000000        
P   1
  1      0.0476000              1.0000000        
P   1
  1      0.0192000              1.0000000

LANTHANUM
S   1
  1      0.9167000              1.0000000        
S   1
  1      0.7427000              1.0000000        
S   1
  1      0.2237000              1.0000000        
S   1
  1      0.0792000              1.0000000        
S   1
  1      0.0239000              1.0000000        
P   1
  1      1.5540000              1.0000000        
P   1
  1      0.5622000              1.0000000        
P   1
  1      0.2125000              1.0000000        
P   1
  1      0.0483000              1.0000000        
P   1
  1      0.0179000              1.0000000        
D   1
  1      0.4524000              1.0000000        
D   1
  1      0.1602000              1.0000000        
D   1
  1      0.0531000              1.0000000

HAFNIUM
S   1
  1      1.9500000              1.0000000        
S   1
  1      1.1830000              1.0000000        
S   1
  1      0.3897000              1.0000000        
S   1
  1      0.1656000              1.0000000        
S   1
  1      0.0424000              1.0000000        
P   1
  1      1.9720000              1.0000000        
P   1
  1      1.3540000              1.0000000        
P   1
  1      0.3427000              1.0000000        
P   1
  1      0.0804000              1.0000000        
P   1
  1      0.0274000              1.0000000        
D   1
  1      0.8226000              1.0000000        
D   1
  1      0.2585000              1.0000000        
D   1
  1      0.0762000              1.0000000

TANTALUM
S   1
  1      2.0440000              1.0000000        
S   1
  1      1.2670000              1.0000000        
S   1
  1      0.4157000              1.0000000        
S   1
  1      0.1671000              1.0000000        
S   1
  1      0.0482000              1.0000000        
P   1
  1      2.5650000              1.0000000        
P   1
  1      1.2290000              1.0000000        
P   1
  1      0.4244000              1.0000000        
P   1
  1      0.0840000              1.0000000        
P   1
  1      0.0280000              1.0000000        
D   1
  1      0.8948000              1.0000000        
D   1
  1      0.2989000              1.0000000        
D   1
  1      0.0935000              1.0000000

TUNGSTEN
S   1
  1      2.1370000              1.0000000        
S   1
  1      1.3470000              1.0000000        
S   1
  1      0.4366000              1.0000000        
S   1
  1      0.1883000              1.0000000        
S   1
  1      0.0518000              1.0000000        
P   1
  1      3.0050000              1.0000000        
P   1
  1      1.2280000              1.0000000        
P   1
  1      0.4010000              1.0000000        
P   1
  1      0.0900000              1.0000000        
P   1
  1      0.0280000              1.0000000        
D   1
  1      0.9519000              1.0000000        
D   1
  1      0.3270000              1.0000000        
D   1
  1      0.1054000              1.0000000

RHENIUM
S   1
  1      2.1850000              1.0000000        
S   1
  1      1.4510000              1.0000000        
S   1
  1      0.4585000              1.0000000        
S   1
  1      0.2314000              1.0000000        
S   1
  1      0.0566000              1.0000000        
P   1
  1      3.3580000              1.0000000        
P   1
  1      1.2710000              1.0000000        
P   1
  1      0.4644000              1.0000000        
P   1
  1      0.0890000              1.0000000        
P   1
  1      0.0280000              1.0000000        
D   1
  1      1.1160000              1.0000000        
D   1
  1      0.4267000              1.0000000        
D   1
  1      0.1378000              1.0000000

OSMIUM
S   1
  1      2.2220000              1.0000000        
S   1
  1      1.4960000              1.0000000        
S   1
  1      0.4774000              1.0000000        
S   1
  1      0.2437000              1.0000000        
S   1
  1      0.0583000              1.0000000        
P   1
  1      2.5180000              1.0000000        
P   1
  1      1.4600000              1.0000000        
P   1
  1      0.4923000              1.0000000        
P   1
  1      0.0980000              1.0000000        
P   1
  1      0.0290000              1.0000000        
D   1
  1      1.1830000              1.0000000        
D   1
  1      0.4492000              1.0000000        
D   1
  1      0.1463000              1.0000000

IRIDIUM
S   1
  1      2.3500000              1.0000000        
S   1
  1      1.5820000              1.0000000        
S   1
  1      0.5018000              1.0000000        
S   1
  1      0.2500000              1.0000000        
S   1
  1      0.0598000              1.0000000        
P   1
  1      2.7920000              1.0000000        
P   1
  1      1.5410000              1.0000000        
P   1
  1      0.5100000              1.0000000        
P   1
  1      0.0980000              1.0000000        
P   1
  1      0.0290000              1.0000000        
D   1
  1      1.2400000              1.0000000        
D   1
  1      0.4647000              1.0000000        
D   1
  1      0.1529000              1.0000000

PLATINUM
S   1
  1      2.5470000              1.0000000        
S   1
  1      1.6140000              1.0000000        
S   1
  1      0.5167000              1.0000000        
S   1
  1      0.2651000              1.0000000        
S   1
  1      0.0580000              1.0000000        
P   1
  1      2.9110000              1.0000000        
P   1
  1      1.8360000              1.0000000        
P   1
  1      0.5982000              1.0000000        
P   1
  1      0.0996000              1.0000000        
P   1
  1      0.0290000              1.0000000        
D   1
  1      1.2430000              1.0000000        
D   1
  1      0.4271000              1.0000000        
D   1
  1      0.1370000              1.0000000

GOLD
S   1
  1      2.8090000              1.0000000        
S   1
  1      1.5950000              1.0000000        
S   1
  1      0.5327000              1.0000000        
S   1
  1      0.2826000              1.0000000        
S   1
  1      0.0598000              1.0000000        
P   1
  1      3.6840000              1.0000000        
P   1
  1      1.6660000              1.0000000        
P   1
  1      0.5989000              1.0000000        
P   1
  1      0.0977000              1.0000000        
P   1
  1      0.0279000              1.0000000        
D   1
  1      1.2870000              1.0000000        
D   1
  1      0.4335000              1.0000000        
D   1
  1      0.1396000              1.0000000

MERCURY
S   1
  1      0.5275000              1.0000000        
S   1
  1      0.2334000              1.0000000        
S   1
  1      0.0686100              1.0000000        
P   1
  1      0.6503000              1.0000000        
P   1
  1      0.1368000              1.0000000        
P   1
  1      0.0425600              1.0000000        
D   1
  1      1.4840000              1.0000000        
D   1
  1      0.5605000              1.0000000        
D   1
  1      0.1923000              1.0000000

THALLIUM
S   1
  1      0.5355000              1.0000000        
S   1
  1      0.3082000              1.0000000        
S   1
  1      0.0818300              1.0000000        
P   1
  1      0.7977000              1.0000000        
P   1
  1      0.1498000              1.0000000        
P   1
  1      0.0443500              1.0000000        
D   1
  1      8.6550000              1.0000000        
D   1
  1      1.4150000              1.0000000        
D   1
  1      0.4442000              1.0000000

LEAD
S   1
  1      0.5135000              1.0000000        
S   1
  1      0.3756000              1.0000000        
S   1
  1      0.0944000              1.0000000        
P   1
  1      0.8748000              1.0000000        
P   1
  1      0.1843000              1.0000000        
P   1
  1      0.0598000              1.0000000

BISMUTH
S   1
  1      0.5744000              1.0000000        
S   1
  1      0.3851000              1.0000000        
S   1
  1      0.1050000              1.0000000        
P   1
  1      0.9105000              1.0000000        
P   1
  1      0.2194000              1.0000000        
P   1
  1      0.0745000              1.0000000


