HYDROGEN
S   6
  1     35.52322122             0.00916359628    
  2      6.513143725            0.04936149294    
  3      1.822142904            0.16853830490    
  4      0.625955266            0.37056279970    
  5      0.243076747            0.41649152980    
  6      0.100112428            0.13033408410

HELIUM
S   6
  1     65.98456824             0.00916359628    
  2     12.09819836             0.04936149294    
  3      3.384639924            0.16853830490    
  4      1.162715163            0.37056279970    
  5      0.451516322            0.41649152980    
  6      0.185959356            0.13033408410

LITHIUM
S   6
  1    167.17584620             0.00916359628    
  2     30.651508400            0.04936149294    
  3      8.5751874770           0.16853830490    
  4      2.9458083370           0.37056279970    
  5      1.1439435810           0.41649152980    
  6      0.4711391391           0.13033408410    
S   6
  1      6.5975640             -0.0132528
  2      1.3058301             -0.0469917
  3      0.4058510             -0.0337854
  4      0.1561455              0.2502418
  5      0.0678141              0.5951173
  6      0.0310842              0.2407062
P   6
  1      6.5975640              0.0037597
  2      1.3058301              0.0376794
  3      0.4058510              0.1738967
  4      0.1561455              0.4180364
  5      0.0678141              0.4258595
  6      0.0310842              0.1017083

BERYLLIUM
S   6
  1    312.87049370             0.00916359628    
  2     57.364462530            0.04936149294    
  3     16.048509400            0.16853830490    
  4      5.5130961190           0.37056279970    
  5      2.1408965530           0.41649152980    
  6      0.8817394283           0.13033408410    
S   6
  1     13.6332474             -0.0132528
  2      2.6983755             -0.0469917
  3      0.8386531             -0.0337854
  4      0.3226601              0.2502418
  5      0.1401315              0.5951173
  6      0.0642325              0.2407062
P   6
  1     13.6332474              0.0037597
  2      2.6983755              0.0376794
  3      0.8386531              0.1738967
  4      0.3226601              0.4180364
  5      0.1401315              0.4258595
  6      0.0642325              0.1017083

BORON
S   6
  1    506.01114720             0.00916359628    
  2     92.776814208            0.04936149294    
  3     25.955658144            0.16853830490    
  4      8.9164451376           0.37056279970    
  5      3.4625066112           0.41649152980    
  6      1.4260543128           0.13033408410    
S   6
  1     23.1945750             -0.0132528
  2      4.5908100             -0.0469917
  3      1.4268195             -0.0337854
  4      0.5489483              0.2502418
  5      0.2384100              0.5951173
  6      0.1092802              0.2407062
P   6
  1     23.1945750              0.0037597
  2      4.5908100              0.0376794
  3      1.4268195              0.1738967
  4      0.5489483              0.4180364
  5      0.2384100              0.4258595
  6      0.1092802              0.1017083

CARBON
S   6
  1    742.7370491              0.00916359628    
  2    136.1800249              0.04936149294    
  3     38.09826352             0.16853830490    
  4     13.08778177             0.37056279970    
  5      5.082368648            0.41649152980    
  6      2.093200076            0.13033408410    
S   6
  1     30.4972395             -0.0132528
  2      6.0361996             -0.0469917
  3      1.8760463             -0.0337854
  4      0.7217826              0.2502418
  5      0.3134707              0.5951173
  6      0.1436866              0.2407062
P   6
  1     30.4972395              0.0037597
  2      6.0361996              0.0376794
  3      1.8760463              0.1738967
  4      0.7217826              0.4180364
  5      0.3134707              0.4258595
  6      0.1436866              0.1017083

NITROGEN
S   6
  1   1027.8284580              0.00916359628    
  2    188.4512226              0.04936149294    
  3     52.72186097             0.16853830490    
  4     18.11138217             0.37056279970    
  5      7.033179691            0.41649152980    
  6      2.896651794            0.13033408410    
S   6
  1     39.1988079             -0.0132528
  2      7.7584671             -0.0469917
  3      2.4113258             -0.0337854
  4      0.9277239              0.2502418
  5      0.4029111              0.5951173
  6      0.1846837              0.2407062
P   6
  1     39.1988079              0.0037597
  2      7.7584671              0.0376794
  3      2.4113258              0.1738967
  4      0.9277239              0.4180364
  5      0.4029111              0.4258595
  6      0.1846837              0.1017083

OXYGEN
S   6
  1   1355.5842340              0.00916359628    
  2    248.5448855              0.04936149294    
  3     69.53390229             0.16853830490    
  4     23.88677211             0.37056279970    
  5      9.275932609            0.41649152980    
  6      3.820341298            0.13033408410    
S   6
  1     52.1877620             -0.0132528
  2     10.3293201             -0.0469917
  3      3.2103450             -0.0337854
  4      1.2351354              0.2502418
  5      0.5364202              0.5951173
  6      0.2458806              0.2407062
P   6
  1     52.1877620              0.0037597
  2     10.3293201              0.0376794
  3      3.2103450              0.1738967
  4      1.2351354              0.4180364
  5      0.5364202              0.4258595
  6      0.2458806              0.1017083

FLUORINE
S   6
  1   1728.6265740              0.00916359628    
  2    316.9417900              0.04936149294    
  3     88.66889139             0.16853830490    
  4     30.46015731             0.37056279970    
  5     11.82857044             0.41649152980    
  6      4.871658522            0.13033408410    
S   6
  1     67.0322809             -0.0132528
  2     13.2674378             -0.0469917
  3      4.1235098             -0.0337854
  4      1.5864628              0.2502418
  5      0.6890019              0.5951173
  6      0.3158200              0.2407062
P   6
  1     67.0322809              0.0037597
  2     13.2674378              0.0376794
  3      4.1235098              0.1738967
  4      1.5864628              0.4180364
  5      0.6890019              0.4258595
  6      0.3158200              0.1017083

NEON
S   6
  1   2146.9554750              0.00916359628    
  2    393.6419362              0.04936149294    
  3    110.1268283              0.16853830490    
  4     37.83153777             0.37056279970    
  5     14.69109318             0.41649152980    
  6      6.050603466            0.13033408410    
S   6
  1     85.5044292             -0.0132528
  2     16.9235580             -0.0469917
  3      5.2598292             -0.0337854
  4      2.0236459              0.2502418
  5      0.8788708              0.5951173
  6      0.4028508              0.2407062
P   6
  1     85.5044292              0.0037597
  2     16.9235580              0.0376794
  3      5.2598292              0.1738967
  4      2.0236459              0.4180364
  5      0.8788708              0.4258595
  6      0.4028508              0.1017083

SODIUM
S   6
  1   2600.7567710              0.00916359628    
  2    476.8459071              0.04936149294    
  3    133.4043010              0.16853830490    
  4     45.82797788             0.37056279970    
  5     17.79634487             0.41649152980    
  6      7.329517596            0.13033408410    
S   6
  1    124.8424044             -0.0132528
  2     24.7095699             -0.0469917
  3      7.6797159             -0.0337854
  4      2.9546635              0.2502418
  5      1.2832124              0.5951173
  6      0.5881901              0.2407062
P   6
  1    124.8424044              0.0037597
  2     24.7095699              0.0376794
  3      7.6797159              0.1738967
  4      2.9546635              0.4180364
  5      1.2832124              0.4258595
  6      0.5881901              0.1017083
S   6
  1      9.4330060             -0.0079431
  2      2.5262438             -0.0710026
  3      0.9473683             -0.1785027
  4      0.4240594              0.1510635
  5      0.2098454              0.7354915
  6      0.1081471              0.2760593
P   6
  1      9.4330060             -0.0071394
  2      2.5262438             -0.0182928
  3      0.9473683              0.0762162
  4      0.4240594              0.4145099
  5      0.2098454              0.4889621
  6      0.1081471              0.1058817

MAGNESIUM
S   6
  1   2600.7567710              0.00916359628    
  2    476.8459071              0.04936149294    
  3    133.4043010              0.16853830490    
  4     45.82797788             0.37056279970    
  5     17.79634487             0.41649152980    
  6      7.329517596            0.13033408410    
S   6
  1    124.8424044             -0.0132528
  2     24.7095699             -0.0469917
  3      7.6797159             -0.0337854
  4      2.9546635              0.2502418
  5      1.2832124              0.5951173
  6      0.5881901              0.2407062
P   6
  1    124.8424044              0.0037597
  2     24.7095699              0.0376794
  3      7.6797159              0.1738967
  4      2.9546635              0.4180364
  5      1.2832124              0.4258595
  6      0.5881901              0.1017083
S   6
  1      9.4330060             -0.0079431
  2      2.5262438             -0.0710026
  3      0.9473683             -0.1785027
  4      0.4240594              0.1510635
  5      0.2098454              0.7354915
  6      0.1081471              0.2760593
P   6
  1      9.4330060             -0.0071394
  2      2.5262438             -0.0182928
  3      0.9473683              0.0762162
  4      0.4240594              0.4145099
  5      0.2098454              0.4889621
  6      0.1081471              0.1058817

ALUMINUM
S   6
  1      0.3644586388E+04       0.00916359628    
  2      0.6682309248E+03       0.04936149294    
  3      0.1869469321E+03       0.16853830490    
  4      0.6422131675E+02       0.37056279970    
  5      0.2493901660E+02       0.41649152980    
  6      0.1027126426E+02       0.13033408410    
S   6
  1    195.9641441             -0.0132528
  2     38.7864183             -0.0469917
  3     12.0547899             -0.0337854
  4      4.6379122              0.2502418
  5      2.0142484              0.5951173
  6      0.9232774              0.2407062
P   6
  1    195.9641441              0.0037597
  2     38.7864183              0.0376794
  3     12.0547899              0.1738967
  4      4.6379122              0.4180364
  5      2.0142484              0.4258595
  6      0.9232774              0.1017083
S   6
  1      8.9016775             -0.0079431
  2      2.3839492             -0.0710026
  3      0.8940063             -0.1785027
  4      0.4001736              0.1510635
  5      0.1980255              0.7354915
  6      0.1020555              0.2760593
P   6
  1      8.9016775             -0.0071394
  2      2.3839492             -0.0182928
  3      0.8940063              0.0762162
  4      0.4001736              0.4145099
  5      0.1980255              0.4889621
  6      0.1020555              0.1058817

SILICON
S   6
  1      0.4229261737E+04       0.00916359628    
  2      0.7754305100E+03       0.04936149294    
  3      0.2169375129E+03       0.16853830490    
  4      0.7452389069E+02       0.37056279970    
  5      0.2893980755E+02       0.41649152980    
  6      0.1191901091E+02       0.13033408410    
S   6
  1    240.4904849             -0.0132528
  2     47.5993432             -0.0469917
  3     14.7938404             -0.0337854
  4      5.6917236              0.2502418
  5      2.4719195              0.5951173
  6      1.1330615              0.2407062
P   6
  1    240.4904849              0.0037597
  2     47.5993432              0.0376794
  3     14.7938404              0.1738967
  4      5.6917236              0.4180364
  5      2.4719195              0.4258595
  6      1.1330615              0.1017083
S   6
  1      9.4330060             -0.0079431
  2      2.5262438             -0.0710026
  3      0.9473683             -0.1785027
  4      0.4240594              0.1510635
  5      0.2098454              0.7354915
  6      0.1081471              0.2760593
P   6
  1      9.4330060             -0.0071394
  2      2.5262438             -0.0182928
  3      0.9473683              0.0762162
  4      0.4240594              0.4145099
  5      0.2098454              0.4889621
  6      0.1081471              0.1058817

PHOSPHORUS
S   6
  1      0.4857412371E+04       0.00916359628    
  2      0.8906012410E+03       0.04936149294    
  3      0.2491581331E+03       0.16853830490    
  4      0.8559254335E+02       0.37056279970    
  5      0.3323808927E+02       0.41649152980    
  6      0.1368928069E+02       0.13033408410    
S   6
  1    290.6649590             -0.0132528
  2     57.5301810             -0.0469917
  3     17.8803374             -0.0337854
  4      6.8792103              0.2502418
  5      2.9876457              0.5951173
  6      1.3694566              0.2407062
P   6
  1    290.6649590              0.0037597
  2     57.5301810              0.0376794
  3     17.8803374              0.1738967
  4      6.8792103              0.4180364
  5      2.9876457              0.4258595
  6      1.3694566              0.1017083
S   6
  1     11.1193965             -0.0079431
  2      2.9778743             -0.0710026
  3      1.1167345             -0.1785027
  4      0.4998709              0.1510635
  5      0.2473606              0.7354915
  6      0.1274811              0.2760593
P   6
  1     11.1193965             -0.0071394
  2      2.9778743             -0.0182928
  3      1.1167345              0.0762162
  4      0.4998709              0.4145099
  5      0.2473606              0.4889621
  6      0.1274811              0.1058817

SULFUR
S   6
  1      0.5529038289E+04       0.00916359628    
  2      0.1013743118E+04       0.04936149294    
  3      0.2836087927E+03       0.16853830490    
  4      0.9742727471E+02       0.37056279970    
  5      0.3783386178E+02       0.41649152980    
  6      0.1558207360E+02       0.13033408410    
S   6
  1    345.5896791             -0.0132528
  2     68.4012166             -0.0469917
  3     21.2590471             -0.0337854
  4      8.1791217              0.2502418
  5      3.5521981              0.5951173
  6      1.6282323              0.2407062
P   6
  1    345.5896791              0.0037597
  2     68.4012166              0.0376794
  3     21.2590471              0.1738967
  4      8.1791217              0.4180364
  5      3.5521981              0.4258595
  6      1.6282323              0.1017083
S   6
  1     12.9443944             -0.0079431
  2      3.4666251             -0.0710026
  3      1.3000212             -0.1785027
  4      0.5819134              0.1510635
  5      0.2879593              0.7354915
  6      0.1484043              0.2760593
P   6
  1     12.9443944             -0.0071394
  2      3.4666251             -0.0182928
  3      1.3000212              0.0762162
  4      0.5819134              0.4145099
  5      0.2879593              0.4889621
  6      0.1484043              0.1058817

CHLORINE
S   6
  1      0.6236545525E+04       0.00916359628    
  2      0.1143463795E+04       0.04936149294    
  3      0.3198999635E+03       0.16853830490    
  4      0.1098942714E+03       0.37056279970    
  5      0.4267516141E+02       0.41649152980    
  6      0.1757598814E+02       0.13033408410    
S   6
  1    403.9729660             -0.0132528
  2     79.9567927             -0.0469917
  3     24.8505116             -0.0337854
  4      9.5608875              0.2502418
  5      4.1523000              0.5951173
  6      1.9033029              0.2407062
P   6
  1    403.9729660              0.0037597
  2     79.9567927              0.0376794
  3     24.8505116              0.1738967
  4      9.5608875              0.4180364
  5      4.1523000              0.4258595
  6      1.9033029              0.1017083
S   6
  1     13.5835287             -0.0079431
  2      3.6377910             -0.0710026
  3      1.3642103             -0.1785027
  4      0.6106456              0.1510635
  5      0.3021774              0.7354915
  6      0.1557318              0.2760593
P   6
  1     13.5835287             -0.0071394
  2      3.6377910             -0.0182928
  3      1.3642103              0.0762162
  4      0.6106456              0.4145099
  5      0.3021774              0.4889621
  6      0.1557318              0.1058817

ARGON
S   6
  1      0.6994673814E+04       0.00916359628    
  2      0.1282465787E+04       0.04936149294    
  3      0.3587877117E+03       0.16853830490    
  4      0.1232532624E+03       0.37056279970    
  5      0.4786284856E+02       0.41649152980    
  6      0.1971256419E+02       0.13033408410    
S   6
  1    468.2992148             -0.0132528
  2     92.6886361             -0.0469917
  3     28.8075590             -0.0337854
  4     11.0833063              0.2502418
  5      4.8134875              0.5951173
  6      2.2063735              0.2407062
P   6
  1    468.2992148              0.0037597
  2     92.6886361              0.0376794
  3     28.8075590              0.1738967
  4     11.0833063              0.4180364
  5      4.8134875              0.4258595
  6      2.2063735              0.1017083
S   6
  1     16.7219091             -0.0079431
  2      4.4782775             -0.0710026
  3      1.6794016             -0.1785027
  4      0.7517310              0.1510635
  5      0.3719934              0.7354915
  6      0.1917126              0.2760593
P   6
  1     16.7219091             -0.0071394
  2      4.4782775             -0.0182928
  3      1.6794016              0.0762162
  4      0.7517310              0.4145099
  5      0.3719934              0.4889621
  6      0.1917126              0.1058817

POTASSIUM
S   6
  1      0.8001321412E+04       0.9163596280E-02 
  2      0.1467033522E+04       0.4936149294E-01 
  3      0.4104231128E+03       0.1685383049E+00 
  4      0.1409914163E+03       0.3705627997E+00 
  5      0.5475109279E+02       0.4164915298E+00 
  6      0.2254952356E+02       0.1303340841E+00 
S   6
  1    543.3465051             -0.0132528
  2    107.5424534             -0.0469917
  3     33.4241144             -0.0337854
  4     12.8594616              0.2502418
  5      5.5848729              0.5951173
  6      2.5599559              0.2407062
P   6
  1    543.3465051              0.0037597
  2    107.5424534              0.0376794
  3     33.4241144              0.1738967
  4     12.8594616              0.4180364
  5      5.5848729              0.4258595
  6      2.5599559              0.1017083
S   6
  1     23.2937496             -0.0079431
  2      6.2382754             -0.0710026
  3      2.3394196             -0.1785027
  4      1.0471672              0.1510635
  5      0.5181897              0.7354915
  6      0.2670571              0.2760593
P   6
  1     23.2937496             -0.0071394
  2      6.2382754             -0.0182928
  3      2.3394196              0.0762162
  4      1.0471672              0.4145099
  5      0.5181897              0.4889621
  6      0.2670571              0.1058817
S   6
  1      2.7919960              0.0037751
  2      0.8983681             -0.0558596
  3      0.3838418             -0.3192946
  4      0.1914082             -0.0276478
  5      0.1033137              0.9049199
  6      0.0574485              0.3406258
P   6
  1      2.7919960             -0.0070521
  2      0.8983681             -0.0525950
  3      0.3838418             -0.0377345
  4      0.1914082              0.3874773
  5      0.1033137              0.5791672
  6      0.0574485              0.1221817

CALCIUM
S   6
  1      0.8857157042E+04       0.9163596280E-02 
  2      0.1623950048E+04       0.4936149294E-01 
  3      0.4543227021E+03       0.1685383049E+00 
  4      0.1560721100E+03       0.3705627997E+00 
  5      0.6060736746E+02       0.4164915298E+00 
  6      0.2496146087E+02       0.1303340841E+00 
S   6
  1    617.5690999             -0.0132528
  2    122.2330419             -0.0469917
  3     37.9899383             -0.0337854
  4     14.6160986              0.2502418
  5      6.3477816              0.5951173
  6      2.9096527              0.2407062
P   6
  1    617.5690999              0.0037597
  2    122.2330419              0.0376794
  3     37.9899383              0.1738967
  4     14.6160986              0.4180364
  5      6.3477816              0.4258595
  6      2.9096527              0.1017083
S   6
  1     27.9066051             -0.0079431
  2      7.4736395             -0.0710026
  3      2.8026942             -0.1785027
  4      1.2545375              0.1510635
  5      0.6208067              0.7354915
  6      0.3199424              0.2760593
P   6
  1     27.9066051             -0.0071394
  2      7.4736395             -0.0182928
  3      2.8026942              0.0762162
  4      1.2545375              0.4145099
  5      0.6208067              0.4889621
  6      0.3199424              0.1058817
S   6
  1      2.5253440              0.0037751
  2      0.8125687             -0.0558596
  3      0.3471827             -0.3192946
  4      0.1731276             -0.0276478
  5      0.0934467              0.9049199
  6      0.0519618              0.3406258
P   6
  1      2.5253440             -0.0070521
  2      0.8125687             -0.0525950
  3      0.3471827             -0.0377345
  4      0.1731276              0.3874773
  5      0.0934467              0.5791672
  6      0.0519618              0.1221817

SCANDIUM
S   6
  1      0.9765965612E+04       0.9163596280E-02 
  2      0.1790579105E+04       0.4936149294E-01 
  3      0.5009395073E+03       0.1685383049E+00 
  4      0.1720862408E+03       0.3705627997E+00 
  5      0.6682612307E+02       0.4164915298E+00 
  6      0.2752268785E+02       0.1303340841E+00 
S   6
  1    696.5419408             -0.0132528
  2    137.8638281             -0.0469917
  3     42.8479750             -0.0337854
  4     16.4851604              0.2502418
  5      7.1595164              0.5951173
  6      3.2817302              0.2407062
P   6
  1    696.5419408              0.0037597
  2    137.8638281              0.0376794
  3     42.8479750              0.1738967
  4     16.4851604              0.4180364
  5      7.1595164              0.4258595
  6      3.2817302              0.1017083
S   6
  1     28.1354192             -0.0079431
  2      8.1015683             -0.0710026
  3      3.1865496             -0.1785027
  4      1.4563615              0.1510635
  5      0.7247816              0.7354915
  6      0.3722203              0.2760593
P   6
  1     28.1354192             -0.0071394
  2      8.1015683             -0.0182928
  3      3.1865496              0.0762162
  4      1.4563615              0.4145099
  5      0.7247816              0.4889621
  6      0.3722203              0.1058817
S   6
  1      3.4952858              0.0037751
  2      1.1246625             -0.0558596
  3      0.4805297             -0.3192946
  4      0.2396229             -0.0276478
  5      0.1293379              0.9049199
  6      0.0719195              0.3406258
P   6
  1      3.4952858             -0.0070521
  2      1.1246625             -0.0525950
  3      0.4805297             -0.0377345
  4      0.2396229              0.3874773
  5      0.1293379              0.5791672
  6      0.0719195              0.1221817
D   6
  1      0.3303913712E+01       0.6633434386E-02 
  2      0.9513589381E+00       0.5958177963E-01 
  3      0.3741932894E+00       0.2401949582E+00 
  4      0.1710190513E+00       0.4648114679E+00 
  5      0.8511036872E-01       0.3434092326E+00 
  6      0.4370945627E-01       0.5389056980E-01

TITANIUM
S   6
  1      0.1071915049E+05       0.9163596280E-02 
  2      0.1965344508E+04       0.4936149294E-01 
  3      0.5498325692E+03       0.1685383049E+00 
  4      0.1888823272E+03       0.3705627997E+00 
  5      0.7334853490E+02       0.4164915298E+00 
  6      0.3020897724E+02       0.1303340841E+00 
S   6
  1    780.2650277             -0.0132528
  2    154.4348120             -0.0469917
  3     47.9982245             -0.0337854
  4     18.4666470              0.2502418
  5      8.0200774              0.5951173
  6      3.6761883              0.2407062
P   6
  1    780.2650277              0.0037597
  2    154.4348120              0.0376794
  3     47.9982245              0.1738967
  4     18.4666470              0.4180364
  5      8.0200774              0.4258595
  6      3.6761883              0.1017083
S   6
  1     32.3117300             -0.0079431
  2      9.3041332             -0.0710026
  3      3.6595485             -0.1785027
  4      1.6725381              0.1510635
  5      0.8323653              0.7354915
  6      0.4274713              0.2760593
P   6
  1     32.3117300             -0.0071394
  2      9.3041332             -0.0182928
  3      3.6595485              0.0762162
  4      1.6725381              0.4145099
  5      0.8323653              0.4889621
  6      0.4274713              0.1058817
S   6
  1      3.9458499              0.0037751
  2      1.2696386             -0.0558596
  3      0.5424729             -0.3192946
  4      0.2705118             -0.0276478
  5      0.1460104              0.9049199
  6      0.0811903              0.3406258
P   6
  1      3.9458499             -0.0070521
  2      1.2696386             -0.0525950
  3      0.5424729             -0.0377345
  4      0.2705118              0.3874773
  5      0.1460104              0.5791672
  6      0.0811903              0.1221817
D   6
  1      0.9857130992E+01       0.6633434386E-02 
  2      0.2838351873E+01       0.5958177963E-01 
  3      0.1116394855E+01       0.2401949582E+00 
  4      0.5102303926E+00       0.4648114679E+00 
  5      0.2539243232E+00       0.3434092326E+00 
  6      0.1304058985E+00       0.5389056980E-01

VANADIUM
S   6
  1      0.1172711958E+05       0.9163596280E-02 
  2      0.2150154537E+04       0.4936149294E-01 
  3      0.6015357556E+03       0.1685383049E+00 
  4      0.2066437671E+03       0.3705627997E+00 
  5      0.8024582178E+02       0.4164915298E+00 
  6      0.3304966087E+02       0.1303340841E+00 
S   6
  1    868.7383606             -0.0132528
  2    171.9459935             -0.0469917
  3     53.4406866             -0.0337854
  4     20.5605584              0.2502418
  5      8.9294645              0.5951173
  6      4.0930269              0.2407062
P   6
  1    868.7383606              0.0037597
  2    171.9459935              0.0376794
  3     53.4406866              0.1738967
  4     20.5605584              0.4180364
  5      8.9294645              0.4258595
  6      4.0930269              0.1017083
S   6
  1     36.7769284             -0.0079431
  2     10.5898830             -0.0710026
  3      4.1652661             -0.1785027
  4      1.9036682              0.1510635
  5      0.9473909              0.7354915
  6      0.4865440              0.2760593
P   6
  1     36.7769284             -0.0071394
  2     10.5898830             -0.0182928
  3      4.1652661              0.0762162
  4      1.9036682              0.4145099
  5      0.9473909              0.4889621
  6      0.4865440              0.1058817
S   6
  1      3.9458499              0.0037751
  2      1.2696386             -0.0558596
  3      0.5424729             -0.3192946
  4      0.2705118             -0.0276478
  5      0.1460104              0.9049199
  6      0.0811903              0.3406258
P   6
  1      3.9458499             -0.0070521
  2      1.2696386             -0.0525950
  3      0.5424729             -0.0377345
  4      0.2705118              0.3874773
  5      0.1460104              0.5791672
  6      0.0811903              0.1221817
D   6
  1      0.1775512307E+02       0.6633434386E-02 
  2      0.5112571484E+01       0.5958177963E-01 
  3      0.2010902367E+01       0.2401949582E+00 
  4      0.9190507280E+00       0.4648114679E+00 
  5      0.4573803079E+00       0.3434092326E+00 
  6      0.2348931731E+00       0.5389056980E-01

CHROMIUM
S   6
  1      0.1278037523E+05       0.9163596280E-02 
  2      0.2343267809E+04       0.4936149294E-01 
  3      0.6555618898E+03       0.1685383049E+00 
  4      0.2252032023E+03       0.3705627997E+00 
  5      0.8745299358E+02       0.4164915298E+00 
  6      0.3601797222E+02       0.1303340841E+00 
S   6
  1    961.9619397             -0.0132528
  2    190.3973727             -0.0469917
  3     59.1753615             -0.0337854
  4     22.7668945              0.2502418
  5      9.8876778              0.5951173
  6      4.5322462              0.2407062
P   6
  1    961.9619397              0.0037597
  2    190.3973727              0.0376794
  3     59.1753615              0.1738967
  4     22.7668945              0.4180364
  5      9.8876778              0.4258595
  6      4.5322462              0.1017083
S   6
  1     41.3183080             -0.0079431
  2     11.8975691             -0.0710026
  3      4.6796118             -0.1785027
  4      2.1387416              0.1510635
  5      1.0643790              0.7354915
  6      0.5466247              0.2760593
P   6
  1     41.3183080             -0.0071394
  2     11.8975691             -0.0182928
  3      4.6796118              0.0762162
  4      2.1387416              0.4145099
  5      1.0643790              0.4889621
  6      0.5466247              0.1058817
S   6
  1      4.1813721              0.0037751
  2      1.3454215             -0.0558596
  3      0.5748524             -0.3192946
  4      0.2866583             -0.0276478
  5      0.1547256              0.9049199
  6      0.0860365              0.3406258
P   6
  1      4.1813721             -0.0070521
  2      1.3454215             -0.0525950
  3      0.5748524             -0.0377345
  4      0.2866583              0.3874773
  5      0.1547256              0.5791672
  6      0.0860365              0.1221817
D   6
  1      0.2540054323E+02       0.6633434386E-02 
  2      0.7314063241E+01       0.5958177963E-01 
  3      0.2876804194E+01       0.2401949582E+00 
  4      0.1314797293E+01       0.4648114679E+00 
  5      0.6543299215E+00       0.3434092326E+00 
  6      0.3360390223E+00       0.5389056980E-01

MANGANESE
S   6
  1      0.1386759465E+05       0.9163596280E-02 
  2      0.2542608299E+04       0.4936149294E-01 
  3      0.7113301755E+03       0.1685383049E+00 
  4      0.2443611136E+03       0.3705627997E+00 
  5      0.9489257116E+02       0.4164915298E+00 
  6      0.3908200111E+02       0.1303340841E+00 
S   6
  1   1057.8461930             -0.0132528
  2    209.3753687             -0.0469917
  3     65.0737085             -0.0337854
  4     25.0362012              0.2502418
  5     10.8732392              0.5951173
  6      4.9840011              0.2407062
P   6
  1   1057.8461930              0.0037597
  2    209.3753687              0.0376794
  3     65.0737085              0.1738967
  4     25.0362012              0.4180364
  5     10.8732392              0.4258595
  6      4.9840011              0.1017083
S   6
  1     46.1240007             -0.0079431
  2     13.2813639             -0.0710026
  3      5.2238929             -0.1785027
  4      2.3874966              0.1510635
  5      1.1881759              0.7354915
  6      0.6102021              0.2760593
P   6
  1     46.1240007             -0.0071394
  2     13.2813639             -0.0182928
  3      5.2238929              0.0762162
  4      2.3874966              0.4145099
  5      1.1881759              0.4889621
  6      0.6102021              0.1058817
S   6
  1      3.7171545              0.0037751
  2      1.1960522             -0.0558596
  3      0.5110320             -0.3192946
  4      0.2548334             -0.0276478
  5      0.1375479              0.9049199
  6      0.0764847              0.3406258
P   6
  1      3.7171545             -0.0070521
  2      1.1960522             -0.0525950
  3      0.5110320             -0.0377345
  4      0.2548334              0.3874773
  5      0.1375479              0.5791672
  6      0.0764847              0.1221817
D   6
  1      0.3249986195E+02       0.6633434386E-02 
  2      0.9358305588E+01       0.5958177963E-01 
  3      0.3680855890E+01       0.2401949582E+00 
  4      0.1682276246E+01       0.4648114679E+00 
  5      0.8372117055E+00       0.3434092326E+00 
  6      0.4299601680E+00       0.5389056980E-01

IRON
S   6
  1      0.1501096599E+05       0.9163596280E-02 
  2      0.2752244183E+04       0.4936149294E-01 
  3      0.7699787412E+03       0.1685383049E+00 
  4      0.2645084788E+03       0.3705627997E+00 
  5      0.1027163826E+03       0.4164915298E+00 
  6      0.4230427873E+02       0.1303340841E+00 
S   6
  1   1160.4713000             -0.0132528
  2    229.6875558             -0.0469917
  3     71.3867211             -0.0337854
  4     27.4650447              0.2502418
  5     11.9280876              0.5951173
  6      5.4675153              0.2407062
P   6
  1   1160.4713000              0.0037597
  2    229.6875558              0.0376794
  3     71.3867211              0.1738967
  4     27.4650447              0.4180364
  5     11.9280876              0.4258595
  6      5.4675153              0.1017083
S   6
  1     51.1940064             -0.0079431
  2     14.7412674             -0.0710026
  3      5.7981096             -0.1785027
  4      2.6499331              0.1510635
  5      1.3187816              0.7354915
  6      0.6772762              0.2760593
P   6
  1     51.1940064             -0.0071394
  2     14.7412674             -0.0182928
  3      5.7981096              0.0762162
  4      2.6499331              0.4145099
  5      1.3187816              0.4889621
  6      0.6772762              0.1058817
S   6
  1      3.2802438              0.0037751
  2      1.0554694             -0.0558596
  3      0.4509658             -0.3192946
  4      0.2248805             -0.0276478
  5      0.1213806              0.9049199
  6      0.0674947              0.3406258
P   6
  1      3.2802438             -0.0070521
  2      1.0554694             -0.0525950
  3      0.4509658             -0.0377345
  4      0.2248805              0.3874773
  5      0.1213806              0.5791672
  6      0.0674947              0.1221817
D   6
  1      0.3839775750E+02       0.6633434386E-02 
  2      0.1105659923E+02       0.5958177963E-01 
  3      0.4348837299E+01       0.2401949582E+00 
  4      0.1987566453E+01       0.4648114679E+00 
  5      0.9891442645E+00       0.3434092326E+00 
  6      0.5079869660E+00       0.5389056980E-01

COBALT
S   6
  1      0.1615071939E+05       0.9163596280E-02 
  2      0.2961216722E+04       0.4936149294E-01 
  3      0.8284417269E+03       0.1685383049E+00 
  4      0.2845920923E+03       0.3705627997E+00 
  5      0.1105154375E+03       0.4164915298E+00 
  6      0.4551636020E+02       0.1303340841E+00 
S   6
  1   1263.2778410             -0.0132528
  2    250.0356532             -0.0469917
  3     77.7108947             -0.0337854
  4     29.8981822              0.2502418
  5     12.9848009              0.5951173
  6      5.9518843              0.2407062
P   6
  1   1263.2778410              0.0037597
  2    250.0356532              0.0376794
  3     77.7108947              0.1738967
  4     29.8981822              0.4180364
  5     12.9848009              0.4258595
  6      5.9518843              0.1017083
S   6
  1     56.7770745             -0.0079431
  2     16.3489068             -0.0710026
  3      6.4304344             -0.1785027
  4      2.9389271              0.1510635
  5      1.4626041              0.7354915
  6      0.7511380              0.2760593
P   6
  1     56.7770745             -0.0071394
  2     16.3489068             -0.0182928
  3      6.4304344              0.0762162
  4      2.9389271              0.4145099
  5      1.4626041              0.4889621
  6      0.7511380              0.1058817
S   6
  1      3.2802438              0.0037751
  2      1.0554694             -0.0558596
  3      0.4509658             -0.3192946
  4      0.2248805             -0.0276478
  5      0.1213806              0.9049199
  6      0.0674947              0.3406258
P   6
  1      3.2802438             -0.0070521
  2      1.0554694             -0.0525950
  3      0.4509658             -0.0377345
  4      0.2248805              0.3874773
  5      0.1213806              0.5791672
  6      0.0674947              0.1221817
D   6
  1      0.4589982603E+02       0.6633434386E-02 
  2      0.1321681302E+02       0.5958177963E-01 
  3      0.5198503467E+01       0.2401949582E+00 
  4      0.2375892770E+01       0.4648114679E+00 
  5      0.1182401073E+01       0.3434092326E+00 
  6      0.6072363305E+00       0.5389056980E-01

NICKEL
S   6
  1      0.1742087786E+05       0.9163596280E-02 
  2      0.3194098886E+04       0.4936149294E-01 
  3      0.8935937642E+03       0.1685383049E+00 
  4      0.3069735755E+03       0.3705627997E+00 
  5      0.1192068223E+03       0.4164915298E+00 
  6      0.4909595247E+02       0.1303340841E+00 
S   6
  1   1377.5878530             -0.0132528
  2    272.6605878             -0.0469917
  3     84.7427075             -0.0337854
  4     32.6035741              0.2502418
  5     14.1597544              0.5951173
  6      6.4904515              0.2407062
P   6
  1   1377.5878530              0.0037597
  2    272.6605878              0.0376794
  3     84.7427075              0.1738967
  4     32.6035741              0.4180364
  5     14.1597544              0.4258595
  6      6.4904515              0.1017083
S   6
  1     61.8667399             -0.0079431
  2     17.8144713             -0.0710026
  3      7.0068776             -0.1785027
  4      3.2023812              0.1510635
  5      1.5937163              0.7354915
  6      0.8184722              0.2760593
P   6
  1     61.8667399             -0.0071394
  2     17.8144713             -0.0182928
  3      7.0068776              0.0762162
  4      3.2023812              0.4145099
  5      1.5937163              0.4889621
  6      0.8184722              0.1058817
S   6
  1      3.4952858              0.0037751
  2      1.1246625             -0.0558596
  3      0.4805297             -0.3192946
  4      0.2396229             -0.0276478
  5      0.1293379              0.9049199
  6      0.0719195              0.3406258
P   6
  1      3.4952858             -0.0070521
  2      1.1246625             -0.0525950
  3      0.4805297             -0.0377345
  4      0.2396229              0.3874773
  5      0.1293379              0.5791672
  6      0.0719195              0.1221817
D   6
  1      0.5166802249E+02       0.6633434386E-02 
  2      0.1487775992E+02       0.5958177963E-01 
  3      0.5851795470E+01       0.2401949582E+00 
  4      0.2674469420E+01       0.4648114679E+00 
  5      0.1330992522E+01       0.3434092326E+00 
  6      0.6835472614E+00       0.5389056980E-01

COPPER
S   6
  1      0.1868650813E+05       0.9163596280E-02 
  2      0.3426150811E+04       0.4936149294E-01 
  3      0.9585135305E+03       0.1685383049E+00 
  4      0.3292752674E+03       0.3705627997E+00 
  5      0.1278672219E+03       0.4164915298E+00 
  6      0.5266278326E+02       0.1303340841E+00 
S   6
  1   1494.3647360             -0.0132528
  2    295.7737804             -0.0469917
  3     91.9262705             -0.0337854
  4     35.3673497              0.2502418
  5     15.3600641              0.5951173
  6      7.0406412              0.2407062
P   6
  1   1494.3647360              0.0037597
  2    295.7737804              0.0376794
  3     91.9262705              0.1738967
  4     35.3673497              0.4180364
  5     15.3600641              0.4258595
  6      7.0406412              0.1017083
S   6
  1     67.7176708             -0.0079431
  2     19.4992415             -0.0710026
  3      7.6695399             -0.1785027
  4      3.5052404              0.1510635
  5      1.7444390              0.7354915
  6      0.8958777              0.2760593
P   6
  1     67.7176708             -0.0071394
  2     19.4992415             -0.0182928
  3      7.6695399              0.0762162
  4      3.5052404              0.4145099
  5      1.7444390              0.4889621
  6      0.8958777              0.1058817
S   6
  1      3.4952858              0.0037751
  2      1.1246625             -0.0558596
  3      0.4805297             -0.3192946
  4      0.2396229             -0.0276478
  5      0.1293379              0.9049199
  6      0.0719195              0.3406258
P   6
  1      3.4952858             -0.0070521
  2      1.1246625             -0.0525950
  3      0.4805297             -0.0377345
  4      0.2396229              0.3874773
  5      0.1293379              0.5791672
  6      0.0719195              0.1221817
D   6
  1      0.5777753235E+02       0.6633434386E-02 
  2      0.1663698771E+02       0.5958177963E-01 
  3      0.6543743805E+01       0.2401949582E+00 
  4      0.2990713326E+01       0.4648114679E+00 
  5      0.1488376365E+01       0.3434092326E+00 
  6      0.7643736320E+00       0.5389056980E-01

ZINC
S   6
  1      0.2001011084E+05       0.9163596280E-02 
  2      0.3668831918E+04       0.4936149294E-01 
  3      0.1026406959E+04       0.1685383049E+00 
  4      0.3525984925E+03       0.3705627997E+00 
  5      0.1369243127E+03       0.4164915298E+00 
  6      0.5639299342E+02       0.1303340841E+00 
S   6
  1   1615.8918640             -0.0132528
  2    319.8271707             -0.0469917
  3     99.4020463             -0.0337854
  4     38.2435501              0.2502418
  5     16.6091999              0.5951173
  6      7.6132115              0.2407062
P   6
  1   1615.8918640              0.0037597
  2    319.8271707              0.0376794
  3     99.4020463              0.1738967
  4     38.2435501              0.4180364
  5     16.6091999              0.4258595
  6      7.6132115              0.1017083
S   6
  1     73.5492150             -0.0079431
  2     21.1784293             -0.0710026
  3      8.3300065             -0.1785027
  4      3.8070961              0.1510635
  5      1.8946623              0.7354915
  6      0.9730267              0.2760593
P   6
  1     73.5492150             -0.0071394
  2     21.1784293             -0.0182928
  3      8.3300065              0.0762162
  4      3.8070961              0.4145099
  5      1.8946623              0.4889621
  6      0.9730267              0.1058817
S   6
  1      4.9288991              0.0037751
  2      1.5859499             -0.0558596
  3      0.6776219             -0.3192946
  4      0.3379057             -0.0276478
  5      0.1823867              0.9049199
  6      0.1014177              0.3406258
P   6
  1      4.9288991             -0.0070521
  2      1.5859499             -0.0525950
  3      0.6776219             -0.0377345
  4      0.3379057              0.3874773
  5      0.1823867              0.5791672
  6      0.1014177              0.1221817
D   6
  1      0.6555947787E+02       0.6633434386E-02 
  2      0.1887779182E+02       0.5958177963E-01 
  3      0.7425108164E+01       0.2401949582E+00 
  4      0.3393526794E+01       0.4648114679E+00 
  5      0.1688842936E+01       0.3434092326E+00 
  6      0.8673256571E+00       0.5389056980E-01

GALLIUM
S   6
  1      0.2137900011E+05       0.9163596280E-02 
  2      0.3919816268E+04       0.4936149294E-01 
  3      0.1096623335E+04       0.1685383049E+00 
  4      0.3767197129E+03       0.3705627997E+00 
  5      0.1462912884E+03       0.4164915298E+00 
  6      0.6025083131E+02       0.1303340841E+00 
S   6
  1   1739.4900090             -0.0132528
  2    344.2904693             -0.0469917
  3    107.0052212             -0.0337854
  4     41.1687656              0.2502418
  5     17.8796229              0.5951173
  6      8.1955394              0.2407062
P   6
  1   1739.4900090              0.0037597
  2    344.2904693              0.0376794
  3    107.0052212              0.1738967
  4     41.1687656              0.4180364
  5     17.8796229              0.4258595
  6      8.1955394              0.1017083
S   6
  1     75.5465810             -0.0079431
  2     21.7535690             -0.0710026
  3      8.5562233             -0.1785027
  4      3.9104849              0.1510635
  5      1.9461154              0.7354915
  6      0.9994510              0.2760593
P   6
  1     75.5465810             -0.0071394
  2     21.7535690             -0.0182928
  3      8.5562233              0.0762162
  4      3.9104849              0.4145099
  5      1.9461154              0.4889621
  6      0.9994510              0.1058817
S   6
  1      4.4237210              0.0037751
  2      1.4234010             -0.0558596
  3      0.6081704             -0.3192946
  4      0.3032727             -0.0276478
  5      0.1636933              0.9049199
  6      0.0910231              0.3406258
P   6
  1      4.4237210             -0.0070521
  2      1.4234010             -0.0525950
  3      0.6081704             -0.0377345
  4      0.3032727              0.3874773
  5      0.1636933              0.5791672
  6      0.0910231              0.1221817
D   6
  1      0.7554658101E+02       0.6633434386E-02 
  2      0.2175356905E+02       0.5958177963E-01 
  3      0.8556223350E+01       0.2401949582E+00 
  4      0.3910484878E+01       0.4648114679E+00 
  5      0.1946115403E+01       0.3434092326E+00 
  6      0.9994510350E+00       0.5389056980E-01

GERMANIUM
S   6
  1      0.2277866493E+05       0.9163596280E-02 
  2      0.4176443280E+04       0.4936149294E-01 
  3      0.1168418325E+04       0.1685383049E+00 
  4      0.4013832297E+03       0.3705627997E+00 
  5      0.1558688538E+03       0.4164915298E+00 
  6      0.6419540160E+02       0.1303340841E+00 
S   6
  1   1870.4186660             -0.0132528
  2    370.2046675             -0.0469917
  3    115.0593347             -0.0337854
  4     44.2674733              0.2502418
  5     19.2253938              0.5951173
  6      8.8124046              0.2407062
P   6
  1   1870.4186660              0.0037597
  2    370.2046675              0.0376794
  3    115.0593347              0.1738967
  4     44.2674733              0.4180364
  5     19.2253938              0.4258595
  6      8.8124046              0.1017083
S   6
  1     85.0181644             -0.0079431
  2     24.4809028             -0.0710026
  3      9.6289520             -0.1785027
  4      4.4007583              0.1510635
  5      2.1901078              0.7354915
  6      1.1247563              0.2760593
P   6
  1     85.0181644             -0.0071394
  2     24.4809028             -0.0182928
  3      9.6289520              0.0762162
  4      4.4007583              0.4145099
  5      2.1901078              0.4889621
  6      1.1247563              0.1058817
S   6
  1      5.4613840              0.0037751
  2      1.7572852             -0.0558596
  3      0.7508276             -0.3192946
  4      0.3744108             -0.0276478
  5      0.2020905              0.9049199
  6      0.1123742              0.3406258
P   6
  1      5.4613840             -0.0070521
  2      1.7572852             -0.0525950
  3      0.7508276             -0.0377345
  4      0.3744108              0.3874773
  5      0.2020905              0.5791672
  6      0.1123742              0.1221817
D   6
  1      0.8501816438E+02       0.6633434386E-02 
  2      0.2448090284E+02       0.5958177963E-01 
  3      0.9628952013E+01       0.2401949582E+00 
  4      0.4400758337E+01       0.4648114679E+00 
  5      0.2190107838E+01       0.3434092326E+00 
  6      0.1124756293E+01       0.5389056980E-01

ARSENIC
S   6
  1      0.2423766988E+05       0.9163596280E-02 
  2      0.4443950241E+04       0.4936149294E-01 
  3      0.1243257133E+04       0.1685383049E+00 
  4      0.4270923800E+03       0.3705627997E+00 
  5      0.1658524692E+03       0.4164915298E+00 
  6      0.6830720576E+02       0.1303340841E+00 
S   6
  1   2003.2224750             -0.0132528
  2    396.4900070             -0.0469917
  3    123.2287987             -0.0337854
  4     47.4105606              0.2502418
  5     20.5904388              0.5951173
  6      9.4381046              0.2407062
P   6
  1   2003.2224750              0.0037597
  2    396.4900070              0.0376794
  3    123.2287987              0.1738967
  4     47.4105606              0.4180364
  5     20.5904388              0.4258595
  6      9.4381046              0.1017083
S   6
  1     95.0489556             -0.0079431
  2     27.3692600             -0.0710026
  3     10.7650152             -0.1785027
  4      4.9199778              0.1510635
  5      2.4485057              0.7354915
  6      1.2574596              0.2760593
P   6
  1     95.0489556             -0.0071394
  2     27.3692600             -0.0182928
  3     10.7650152              0.0762162
  4      4.9199778              0.4145099
  5      2.4485057              0.4889621
  6      1.2574596              0.1058817
S   6
  1      6.1364111              0.0037751
  2      1.9744857             -0.0558596
  3      0.8436299             -0.3192946
  4      0.4206880             -0.0276478
  5      0.2270689              0.9049199
  6      0.1262636              0.3406258
P   6
  1      6.1364111             -0.0070521
  2      1.9744857             -0.0525950
  3      0.8436299             -0.0377345
  4      0.4206880              0.3874773
  5      0.2270689              0.5791672
  6      0.1262636              0.1221817
D   6
  1      0.9504895563E+02       0.6633434386E-02 
  2      0.2736926003E+02       0.5958177963E-01 
  3      0.1076501521E+02       0.2401949582E+00 
  4      0.4919977830E+01       0.4648114679E+00 
  5      0.2448505731E+01       0.3434092326E+00 
  6      0.1257459647E+01       0.5389056980E-01

SELENIUM
S   6
  1      0.2572654013E+05       0.9163596280E-02 
  2      0.4716932971E+04       0.4936149294E-01 
  3      0.1319627864E+04       0.1685383049E+00 
  4      0.4533277871E+03       0.3705627997E+00 
  5      0.1760404454E+03       0.4164915298E+00 
  6      0.7250317701E+02       0.1303340841E+00 
S   6
  1   2137.6107300             -0.0132528
  2    423.0889499             -0.0469917
  3    131.4957303             -0.0337854
  4     50.5911471              0.2502418
  5     21.9717697              0.5951173
  6     10.0712696              0.2407062
P   6
  1   2137.6107300              0.0037597
  2    423.0889499              0.0376794
  3    131.4957303              0.1738967
  4     50.5911471              0.4180364
  5     21.9717697              0.4258595
  6     10.0712696              0.1017083
S   6
  1    105.6389548             -0.0079431
  2     30.4186406             -0.0710026
  3     11.9644129             -0.1785027
  4      5.4681434              0.1510635
  5      2.7213091              0.7354915
  6      1.3975611              0.2760593
P   6
  1    105.6389548             -0.0071394
  2     30.4186406             -0.0182928
  3     11.9644129              0.0762162
  4      5.4681434              0.4145099
  5      2.7213091              0.4889621
  6      1.3975611              0.1058817
S   6
  1      6.7289712              0.0037751
  2      2.1651511             -0.0558596
  3      0.9250947             -0.3192946
  4      0.4613115             -0.0276478
  5      0.2489957              0.9049199
  6      0.1384562              0.3406258
P   6
  1      6.7289712             -0.0070521
  2      2.1651511             -0.0525950
  3      0.9250947             -0.0377345
  4      0.4613115              0.3874773
  5      0.2489957              0.5791672
  6      0.1384562              0.1221817
D   6
  1      0.1056389548E+03       0.6633434386E-02 
  2      0.3041864061E+02       0.5958177963E-01 
  3      0.1196441294E+02       0.2401949582E+00 
  4      0.5468143358E+01       0.4648114679E+00 
  5      0.2721309082E+01       0.3434092326E+00 
  6      0.1397561098E+01       0.5389056980E-01

BROMINE
S   6
  1      0.2727566077E+05       0.9163596280E-02 
  2      0.5000962544E+04       0.4936149294E-01 
  3      0.1399089103E+04       0.1685383049E+00 
  4      0.4806248674E+03       0.3705627997E+00 
  5      0.1866407005E+03       0.4164915298E+00 
  6      0.7686894743E+02       0.1303340841E+00 
S   6
  1   2279.4263980             -0.0132528
  2    451.1579717             -0.0469917
  3    140.2195613             -0.0337854
  4     53.9475194              0.2502418
  5     23.4294444              0.5951173
  6     10.7394286              0.2407062
P   6
  1   2279.4263980              0.0037597
  2    451.1579717              0.0376794
  3    140.2195613              0.1738967
  4     53.9475194              0.4180364
  5     23.4294444              0.4258595
  6     10.7394286              0.1017083
S   6
  1    116.7881618             -0.0079431
  2     33.6290446             -0.0710026
  3     13.2271452             -0.1785027
  4      6.0452549              0.1510635
  5      3.0085179              0.7354915
  6      1.5450606              0.2760593
P   6
  1    116.7881618             -0.0071394
  2     33.6290446             -0.0182928
  3     13.2271452              0.0762162
  4      6.0452549              0.4145099
  5      3.0085179              0.4889621
  6      1.5450606              0.1058817
S   6
  1      7.7338659              0.0037751
  2      2.4884916             -0.0558596
  3      1.0632470             -0.3192946
  4      0.5302031             -0.0276478
  5      0.2861804              0.9049199
  6      0.1591330              0.3406258
P   6
  1      7.7338659             -0.0070521
  2      2.4884916             -0.0525950
  3      1.0632470             -0.0377345
  4      0.5302031              0.3874773
  5      0.2861804              0.5791672
  6      0.1591330              0.1221817
D   6
  1      0.1167881618E+03       0.6633434386E-02 
  2      0.3362904459E+02       0.5958177963E-01 
  3      0.1322714520E+02       0.2401949582E+00 
  4      0.6045254920E+01       0.4648114679E+00 
  5      0.3008517890E+01       0.3434092326E+00 
  6      0.1545060645E+01       0.5389056980E-01

KRYPTON
S   6
  1      0.2885373644E+05       0.9163596280E-02 
  2      0.5290300991E+04       0.4936149294E-01 
  3      0.1480035573E+04       0.1685383049E+00 
  4      0.5084321647E+03       0.3705627997E+00 
  5      0.1974390878E+03       0.4164915298E+00 
  6      0.8131631964E+02       0.1303340841E+00 
S   6
  1   2425.7964480             -0.0132528
  2    480.1284244             -0.0469917
  3    149.2235564             -0.0337854
  4     57.4116809              0.2502418
  5     24.9339321              0.5951173
  6     11.4290454              0.2407062
P   6
  1   2425.7964480              0.0037597
  2    480.1284244              0.0376794
  3    149.2235564              0.1738967
  4     57.4116809              0.4180364
  5     24.9339321              0.4258595
  6     11.4290454              0.1017083
S   6
  1    128.4965766             -0.0079431
  2     37.0004720             -0.0710026
  3     14.5532120             -0.1785027
  4      6.6513125              0.1510635
  5      3.3101322              0.7354915
  6      1.6999583              0.2760593
P   6
  1    128.4965766             -0.0071394
  2     37.0004720             -0.0182928
  3     14.5532120              0.0762162
  4      6.6513125              0.4145099
  5      3.3101322              0.4889621
  6      1.6999583              0.1058817
S   6
  1      8.8086663              0.0037751
  2      2.8343253             -0.0558596
  3      1.2110098             -0.3192946
  4      0.6038872             -0.0276478
  5      0.3259518              0.9049199
  6      0.1812483              0.3406258
P   6
  1      8.8086663             -0.0070521
  2      2.8343253             -0.0525950
  3      1.2110098             -0.0377345
  4      0.6038872              0.3874773
  5      0.3259518              0.5791672
  6      0.1812483              0.1221817
D   6
  1      0.1284965766E+03       0.6633434386E-02 
  2      0.3700047197E+02       0.5958177963E-01 
  3      0.1455321200E+02       0.2401949582E+00 
  4      0.6651312517E+01       0.4648114679E+00 
  5      0.3310132155E+01       0.3434092326E+00 
  6      0.1699958288E+01       0.5389056980E-01


