GALLIUM
S   8
  1 457600.0000000              0.0002210        
  2  68470.0000000              0.0017220        
  3  15590.0000000              0.0088660        
  4   4450.0000000              0.0359190        
  5   1472.0000000              0.1144600        
  6    541.3000000              0.2816300        
  7    214.8000000              0.4481000        
  8     88.8100000              0.2955200        
S   2
  1     27.1800000              0.4802500        
  2     11.5400000              1.1478000        
S   1
  1      3.3030000              1.0000000        
S   1
  1      1.3340000              1.0000000        
S   1
  1      0.1947000              1.0000000        
S   1
  1      0.0715800              1.0000000        
P   6
  1   3274.0000000              0.0014740        
  2    765.4000000              0.0132700        
  3    241.6000000              0.0653840        
  4     89.3900000              0.2296100        
  5     36.3600000              0.3992900        
  6     15.6000000              0.4359300        
P   3
  1      6.4720000              0.2610500        
  2      2.7480000              0.4834700        
  3      1.0900000              0.2872100        
P   1
  1      0.2202000              1.0000000        
P   1
  1      0.0613000              1.0000000        
D   5
  1     59.6600000              0.0319600        
  2     17.1000000              0.1635800        
  3      6.0300000              0.3672000        
  4      2.1710000              0.4570400        
  5      0.6844000              0.3047700        
D   1
  1      0.1410000              1.0000000

GERMANIUM
S   8
  1 489000.0000000              0.0002220        
  2  73100.0000000              0.0017280        
  3  16640.0000000              0.0089500        
  4   4742.0000000              0.0359050        
  5   1569.0000000              0.1128400        
  6    577.0000000              0.2874800        
  7    229.0000000              0.4344900        
  8     94.8100000              0.3068300        
S   2
  1     29.2200000              0.4775900        
  2     12.4500000              1.1144500        
S   1
  1      3.6420000              1.0000000        
S   1
  1      1.5020000              1.0000000        
S   1
  1      0.2462000              1.0000000        
S   1
  1      0.0920900              1.0000000        
P   6
  1   3596.0000000              0.0014420        
  2    843.7000000              0.0124420        
  3    266.2000000              0.0646940        
  4     98.2800000              0.2186650        
  5     39.9300000              0.3933500        
  6     17.1400000              0.4345300        
P   3
  1      7.1570000              0.2499750        
  2      3.0680000              0.4693800        
  3      1.2460000              0.2889600        
P   1
  1      0.2795000              1.0000000        
P   1
  1      0.0834000              1.0000000        
D   5
  1     70.1800000              0.0287700        
  2     20.0700000              0.1552500        
  3      7.0590000              0.3681400        
  4      2.5530000              0.4657800        
  5      0.8301000              0.2864800        
D   1
  1      0.2020000              1.0000000

ARSENIC
S   8
  1 526200.0000000              0.0002200        
  2  78310.0000000              0.0017200        
  3  17800.0000000              0.0088900        
  4   5070.0000000              0.0353500        
  5   1677.0000000              0.1122600        
  6    617.0000000              0.2862500        
  7    245.0000000              0.4340600        
  8    101.5000000              0.3088000        
S   2
  1     31.3900000              0.4729900        
  2     13.4300000              1.1237500        
S   1
  1      4.0000000              1.0000000        
S   1
  1      1.6830000              1.0000000        
S   1
  1      0.3003000              1.0000000        
S   1
  1      0.1137000              1.0000000        
P   6
  1   3909.0000000              0.0013300        
  2    924.0000000              0.0114000        
  3    291.8000000              0.0598100        
  4    107.5000000              0.2051100        
  5     43.6200000              0.3743200        
  6     18.7300000              0.4214100        
P   3
  1      7.8410000              0.2190100        
  2      3.3910000              0.4295500        
  3      1.4050000              0.2640000        
P   1
  1      0.3441000              1.0000000        
P   1
  1      0.1068000              1.0000000        
D   5
  1     81.5900000              0.0255800        
  2     23.2600000              0.1449200        
  3      8.1480000              0.3604400        
  4      2.9540000              0.4625500        
  5      0.9827000              0.2681300        
D   1
  1      0.2730000              1.0000000

SELENIUM
S   8
  1 560600.0000000              0.0002200        
  2  84010.0000000              0.0017000        
  3  19030.0000000              0.0088300        
  4   5419.0000000              0.0350800        
  5   1792.0000000              0.1126600        
  6    659.5000000              0.2847100        
  7    262.0000000              0.4334800        
  8    108.6000000              0.3114000        
S   2
  1     33.6600000              0.4682300        
  2     14.4500000              1.0926100        
S   1
  1      4.3780000              1.0000000        
S   1
  1      1.8760000              1.0000000        
S   1
  1      0.3592000              1.0000000        
S   1
  1      0.1367000              1.0000000        
P   6
  1   4114.0000000              0.0011700        
  2    980.4000000              0.0098500        
  3    310.7000000              0.0517700        
  4    114.2000000              0.1786900        
  5     46.2600000              0.3250400        
  6     19.8700000              0.3608900        
P   3
  1      8.3090000              0.2148800        
  2      3.5980000              0.3962900        
  3      1.5220000              0.2250800        
P   1
  1      0.4032000              1.0000000        
P   1
  1      0.1231000              1.0000000        
D   5
  1     94.0300000              0.0206300        
  2     26.7900000              0.1222700        
  3      9.3360000              0.3197200        
  4      3.3830000              0.4173800        
  5      1.1450000              0.2318400        
D   1
  1      0.3150000              1.0000000

BROMINE
S   8
  1 574300.0000000              0.0002200        
  2  89070.0000000              0.0016870        
  3  20210.0000000              0.0087460        
  4   5736.0000000              0.0355970        
  5   1899.0000000              0.1135200        
  6    698.7000000              0.2797300        
  7    277.8000000              0.4493800        
  8    115.2000000              0.3002300        
S   2
  1     35.9700000              0.4572600        
  2     15.5000000              1.2297800        
S   1
  1      4.7710000              1.0000000        
S   1
  1      2.0770000              1.0000000        
S   1
  1      0.4211000              1.0000000        
S   1
  1      0.1610000              1.0000000        
P   6
  1   4406.0000000              0.0013770        
  2   1042.0000000              0.0122070        
  3    332.1000000              0.0601900        
  4    121.9000000              0.2237000        
  5     49.2400000              0.4004700        
  6     21.1600000              0.4445800        
P   3
  1      8.8360000              0.2724500        
  2      3.8290000              0.4946900        
  3      1.6430000              0.2568400        
P   1
  1      0.4650000              1.0000000        
P   1
  1      0.1427000              1.0000000        
D   5
  1    108.4000000              0.0215210        
  2     30.7100000              0.1337600        
  3     10.6600000              0.3667300        
  4      3.8510000              0.4903700        
  5      1.3170000              0.2674900        
D   1
  1      0.3380000              1.0000000

KRYPTON
S   8
  1 605700.0000000              0.0002300        
  2  90300.0000000              0.0017430        
  3  20920.0000000              0.0090460        
  4   5889.0000000              0.0369010        
  5   1950.0000000              0.1174300        
  6    718.2000000              0.2861700        
  7    285.4000000              0.4540800        
  8    118.6000000              0.2850100        
S   2
  1     38.1600000              0.4646500        
  2     16.4500000              1.2444800        
S   1
  1      5.2110000              1.0000000        
S   1
  1      2.2910000              1.0000000        
S   1
  1      0.4837000              1.0000000        
S   1
  1      0.1855000              1.0000000        
P   6
  1   4678.0000000              0.0013440        
  2   1120.0000000              0.0118210        
  3    357.1000000              0.0582770        
  4    131.4000000              0.2185400        
  5     52.8600000              0.3975700        
  6     22.7000000              0.4411900        
P   3
  1      9.5470000              0.2688700        
  2      4.1670000              0.4938100        
  3      1.8110000              0.2506900        
P   1
  1      0.5337000              1.0000000        
P   1
  1      0.1654000              1.0000000        
D   5
  1    125.6000000              0.0156950        
  2     35.3100000              0.1030100        
  3     12.1500000              0.2996800        
  4      4.3500000              0.4117100        
  5      1.4940000              0.2154800        
D   1
  1      0.3180000              1.0000000


