LITHIUM
S   1
  1  29493.0000000              1.0000000        
S   1
  1   4417.1010000              1.0000000        
S   1
  1   1005.2230000              1.0000000        
S   1
  1    284.7009000              1.0000000        
S   1
  1     92.8654300              1.0000000        
S   1
  1     33.5117900              1.0000000        
S   1
  1     13.0418000              1.0000000        
S   1
  1      5.3575360              1.0000000        
S   1
  1      2.2793380              1.0000000        
S   1
  1      0.9939900              1.0000000        
S   1
  1      0.4334710              1.0000000        
S   1
  1      0.0955660              1.0000000        
S   1
  1      0.0446570              1.0000000        
S   1
  1      0.0206330              1.0000000

BERYLLIUM
S   1
  1  54618.8900000              1.0000000        
S   1
  1   8180.1270000              1.0000000        
S   1
  1   1861.6180000              1.0000000        
S   1
  1    527.2788000              1.0000000        
S   1
  1    172.0159000              1.0000000        
S   1
  1     62.1019400              1.0000000        
S   1
  1     24.2054100              1.0000000        
S   1
  1      9.9925500              1.0000000        
S   1
  1      4.3045120              1.0000000        
S   1
  1      1.9212420              1.0000000        
S   1
  1      0.8662730              1.0000000        
S   1
  1      0.2474800              1.0000000        
S   1
  1      0.1008700              1.0000000        
S   1
  1      0.0412870              1.0000000

BORON
S   1
  1  80154.5300000              1.0000000        
S   1
  1  12004.7000000              1.0000000        
S   1
  1   2732.0080000              1.0000000        
S   1
  1    773.7937000              1.0000000        
S   1
  1    252.4266000              1.0000000        
S   1
  1     91.1227400              1.0000000        
S   1
  1     35.5107400              1.0000000        
S   1
  1     14.6625300              1.0000000        
S   1
  1      6.3324470              1.0000000        
S   1
  1      2.8494850              1.0000000        
S   1
  1      1.3111560              1.0000000        
S   1
  1      0.4368260              1.0000000        
S   1
  1      0.1748890              1.0000000        
S   1
  1      0.0699960              1.0000000        
P   1
  1    116.5023000              1.0000000        
P   1
  1     27.6173000              1.0000000        
P   1
  1      8.8357260              1.0000000        
P   1
  1      3.2241580              1.0000000        
P   1
  1      1.2828570              1.0000000        
P   1
  1      0.5440110              1.0000000        
P   1
  1      0.2362980              1.0000000        
P   1
  1      0.1034900              1.0000000        
P   1
  1      0.0446450              1.0000000

CARBON
S   1
  1 106825.5000000              1.0000000        
S   1
  1  15999.4600000              1.0000000        
S   1
  1   3641.1090000              1.0000000        
S   1
  1   1031.2490000              1.0000000        
S   1
  1    336.3831000              1.0000000        
S   1
  1    121.3999000              1.0000000        
S   1
  1     47.2793700              1.0000000        
S   1
  1     19.4956000              1.0000000        
S   1
  1      8.4002010              1.0000000        
S   1
  1      3.7564620              1.0000000        
S   1
  1      1.7066440              1.0000000        
S   1
  1      0.6414660              1.0000000        
S   1
  1      0.2566410              1.0000000        
S   1
  1      0.1023750              1.0000000        
P   1
  1    178.8735000              1.0000000        
P   1
  1     42.4050200              1.0000000        
P   1
  1     13.6068700              1.0000000        
P   1
  1      5.0088650              1.0000000        
P   1
  1      2.0132590              1.0000000        
P   1
  1      0.8575300              1.0000000        
P   1
  1      0.3720580              1.0000000        
P   1
  1      0.1612620              1.0000000        
P   1
  1      0.0681240              1.0000000

NITROGEN
S   1
  1 139911.3000000              1.0000000        
S   1
  1  20955.0700000              1.0000000        
S   1
  1   4768.8920000              1.0000000        
S   1
  1   1350.6440000              1.0000000        
S   1
  1    440.5458000              1.0000000        
S   1
  1    158.9715000              1.0000000        
S   1
  1     61.8935400              1.0000000        
S   1
  1     25.5087300              1.0000000        
S   1
  1     10.9770300              1.0000000        
S   1
  1      4.8765080              1.0000000        
S   1
  1      2.1531460              1.0000000        
S   1
  1      0.8668220              1.0000000        
S   1
  1      0.3486960              1.0000000        
S   1
  1      0.1391670              1.0000000        
P   1
  1    252.2943000              1.0000000        
P   1
  1     59.8105500              1.0000000        
P   1
  1     19.2256400              1.0000000        
P   1
  1      7.1158730              1.0000000        
P   1
  1      2.8778770              1.0000000        
P   1
  1      1.2287140              1.0000000        
P   1
  1      0.5322080              1.0000000        
P   1
  1      0.2288410              1.0000000        
P   1
  1      0.0951840              1.0000000

OXYGEN
S   1
  1 180242.7000000              1.0000000        
S   1
  1  26995.7700000              1.0000000        
S   1
  1   6143.6090000              1.0000000        
S   1
  1   1739.9790000              1.0000000        
S   1
  1    567.5251000              1.0000000        
S   1
  1    204.7817000              1.0000000        
S   1
  1     79.7247500              1.0000000        
S   1
  1     32.8604600              1.0000000        
S   1
  1     14.1401600              1.0000000        
S   1
  1      6.2628330              1.0000000        
S   1
  1      2.7109580              1.0000000        
S   1
  1      1.1291170              1.0000000        
S   1
  1      0.4570920              1.0000000        
S   1
  1      0.1819900              1.0000000        
P   1
  1    320.1033000              1.0000000        
P   1
  1     75.8800300              1.0000000        
P   1
  1     24.3973100              1.0000000        
P   1
  1      9.0538420              1.0000000        
P   1
  1      3.6756060              1.0000000        
P   1
  1      1.5653090              1.0000000        
P   1
  1      0.6697280              1.0000000        
P   1
  1      0.2816990              1.0000000        
P   1
  1      0.1139430              1.0000000

FLUORINE
S   1
  1 227054.6000000              1.0000000        
S   1
  1  34007.0800000              1.0000000        
S   1
  1   7739.2250000              1.0000000        
S   1
  1   2191.8810000              1.0000000        
S   1
  1    714.9138000              1.0000000        
S   1
  1    257.9595000              1.0000000        
S   1
  1    100.4301000              1.0000000        
S   1
  1     41.4053800              1.0000000        
S   1
  1     17.8238300              1.0000000        
S   1
  1      7.8841430              1.0000000        
S   1
  1      3.3726960              1.0000000        
S   1
  1      1.4270300              1.0000000        
S   1
  1      0.5795250              1.0000000        
S   1
  1      0.2300560              1.0000000        
P   1
  1    402.6951000              1.0000000        
P   1
  1     95.4552000              1.0000000        
P   1
  1     30.7101700              1.0000000        
P   1
  1     11.4260800              1.0000000        
P   1
  1      4.6509140              1.0000000        
P   1
  1      1.9781580              1.0000000        
P   1
  1      0.8411470              1.0000000        
P   1
  1      0.3495530              1.0000000        
P   1
  1      0.1389420              1.0000000

NEON
S   1
  1 279982.9000000              1.0000000        
S   1
  1  41934.5400000              1.0000000        
S   1
  1   9543.3440000              1.0000000        
S   1
  1   2702.8370000              1.0000000        
S   1
  1    881.5658000              1.0000000        
S   1
  1    318.0896000              1.0000000        
S   1
  1    123.8462000              1.0000000        
S   1
  1     51.0739600              1.0000000        
S   1
  1     21.9961000              1.0000000        
S   1
  1      9.7240860              1.0000000        
S   1
  1      4.1299840              1.0000000        
S   1
  1      1.7613540              1.0000000        
S   1
  1      0.7163470              1.0000000        
S   1
  1      0.2835740              1.0000000        
P   1
  1    498.2942000              1.0000000        
P   1
  1    118.1143000              1.0000000        
P   1
  1     38.0252200              1.0000000        
P   1
  1     14.1791400              1.0000000        
P   1
  1      5.7829390              1.0000000        
P   1
  1      2.4583000              1.0000000        
P   1
  1      1.0417670              1.0000000        
P   1
  1      0.4298020              1.0000000        
P   1
  1      0.1688410              1.0000000

SODIUM
S   1
  1 1259469.0000000             1.0000000        
S   1
  1 188585.0000000              1.0000000        
S   1
  1  42916.4300000              1.0000000        
S   1
  1  12156.0100000              1.0000000        
S   1
  1   3965.8140000              1.0000000        
S   1
  1   1431.7020000              1.0000000        
S   1
  1    558.3654000              1.0000000        
S   1
  1    231.5007000              1.0000000        
S   1
  1    100.7917000              1.0000000        
S   1
  1     45.6065000              1.0000000        
S   1
  1     21.2591300              1.0000000        
S   1
  1     10.0304500              1.0000000        
S   1
  1      4.4341340              1.0000000        
S   1
  1      2.0648410              1.0000000        
S   1
  1      0.9277420              1.0000000        
S   1
  1      0.4087630              1.0000000        
S   1
  1      0.0617550              1.0000000        
S   1
  1      0.0242870              1.0000000        
P   1
  1   1119.5780000              1.0000000        
P   1
  1    265.3239000              1.0000000        
P   1
  1     85.9955300              1.0000000        
P   1
  1     32.5375900              1.0000000        
P   1
  1     13.5156500              1.0000000        
P   1
  1      5.9668560              1.0000000        
P   1
  1      2.7000450              1.0000000        
P   1
  1      1.2185120              1.0000000        
P   1
  1      0.5421870              1.0000000        
P   1
  1      0.2274130              1.0000000

MAGNESIUM
S   1
  1 1015694.0000000             1.0000000        
S   1
  1 152096.2000000              1.0000000        
S   1
  1  34613.2300000              1.0000000        
S   1
  1   9803.8890000              1.0000000        
S   1
  1   3198.2920000              1.0000000        
S   1
  1   1154.5500000              1.0000000        
S   1
  1    450.2375000              1.0000000        
S   1
  1    186.6144000              1.0000000        
S   1
  1     81.1861000              1.0000000        
S   1
  1     36.7319700              1.0000000        
S   1
  1     17.1471200              1.0000000        
S   1
  1      8.1013270              1.0000000        
S   1
  1      3.4146700              1.0000000        
S   1
  1      1.4958000              1.0000000        
S   1
  1      0.6513470              1.0000000        
S   1
  1      0.1443070              1.0000000        
S   1
  1      0.0663130              1.0000000        
S   1
  1      0.0295670              1.0000000        
P   1
  1   1440.8850000              1.0000000        
P   1
  1    341.4284000              1.0000000        
P   1
  1    110.7151000              1.0000000        
P   1
  1     41.9698700              1.0000000        
P   1
  1     17.4859600              1.0000000        
P   1
  1      7.7532750              1.0000000        
P   1
  1      3.5335410              1.0000000        
P   1
  1      1.6143240              1.0000000        
P   1
  1      0.7298560              1.0000000        
P   1
  1      0.3029460              1.0000000

ALUMINUM
S   1
  1 751932.0000000              1.0000000        
S   1
  1 112608.6000000              1.0000000        
S   1
  1  25627.0400000              1.0000000        
S   1
  1   7258.4730000              1.0000000        
S   1
  1   2367.8050000              1.0000000        
S   1
  1    854.6966000              1.0000000        
S   1
  1    333.2359000              1.0000000        
S   1
  1    138.0074000              1.0000000        
S   1
  1     59.9429100              1.0000000        
S   1
  1     27.0340500              1.0000000        
S   1
  1     12.3711800              1.0000000        
S   1
  1      4.8203600              1.0000000        
S   1
  1      2.1238110              1.0000000        
S   1
  1      0.9254120              1.0000000        
S   1
  1      0.2405430              1.0000000        
S   1
  1      0.1127000              1.0000000        
S   1
  1      0.0483310              1.0000000        
P   1
  1   1489.4450000              1.0000000        
P   1
  1    352.9742000              1.0000000        
P   1
  1    114.3947000              1.0000000        
P   1
  1     43.3072900              1.0000000        
P   1
  1     18.0252800              1.0000000        
P   1
  1      7.9666410              1.0000000        
P   1
  1      3.6086270              1.0000000        
P   1
  1      1.6454180              1.0000000        
P   1
  1      0.7388990              1.0000000        
P   1
  1      0.2576880              1.0000000        
P   1
  1      0.0976460              1.0000000        
P   1
  1      0.0368680              1.0000000

SILICON
S   1
  1 915136.3000000              1.0000000        
S   1
  1 137046.8000000              1.0000000        
S   1
  1  31188.3900000              1.0000000        
S   1
  1   8833.6330000              1.0000000        
S   1
  1   2881.6380000              1.0000000        
S   1
  1   1040.1620000              1.0000000        
S   1
  1    405.5428000              1.0000000        
S   1
  1    167.9628000              1.0000000        
S   1
  1     72.9590100              1.0000000        
S   1
  1     32.8960100              1.0000000        
S   1
  1     15.0510600              1.0000000        
S   1
  1      5.9594250              1.0000000        
S   1
  1      2.6794020              1.0000000        
S   1
  1      1.1921640              1.0000000        
S   1
  1      0.3525120              1.0000000        
S   1
  1      0.1626950              1.0000000        
S   1
  1      0.0684710              1.0000000        
P   1
  1   1776.7190000              1.0000000        
P   1
  1    421.0382000              1.0000000        
P   1
  1    136.4885000              1.0000000        
P   1
  1     51.7259200              1.0000000        
P   1
  1     21.5698100              1.0000000        
P   1
  1      9.5604580              1.0000000        
P   1
  1      4.3550180              1.0000000        
P   1
  1      2.0106270              1.0000000        
P   1
  1      0.9231060              1.0000000        
P   1
  1      0.3506290              1.0000000        
P   1
  1      0.1382570              1.0000000        
P   1
  1      0.0534140              1.0000000

PHOSPHORUS
S   1
  1 1087602.0000000             1.0000000        
S   1
  1 162874.5000000              1.0000000        
S   1
  1  37066.2100000              1.0000000        
S   1
  1  10498.4600000              1.0000000        
S   1
  1   3424.7300000              1.0000000        
S   1
  1   1236.1910000              1.0000000        
S   1
  1    481.9705000              1.0000000        
S   1
  1    199.6290000              1.0000000        
S   1
  1     86.7257500              1.0000000        
S   1
  1     39.1054800              1.0000000        
S   1
  1     17.9011400              1.0000000        
S   1
  1      7.1836340              1.0000000        
S   1
  1      3.2796010              1.0000000        
S   1
  1      1.4824070              1.0000000        
S   1
  1      0.4759750              1.0000000        
S   1
  1      0.2166570              1.0000000        
S   1
  1      0.0903850              1.0000000        
P   1
  1   2022.1000000              1.0000000        
P   1
  1    479.1779000              1.0000000        
P   1
  1    155.3366000              1.0000000        
P   1
  1     58.8874100              1.0000000        
P   1
  1     24.5741800              1.0000000        
P   1
  1     10.8967300              1.0000000        
P   1
  1      4.9684800              1.0000000        
P   1
  1      2.3030740              1.0000000        
P   1
  1      1.0631360              1.0000000        
P   1
  1      0.4367910              1.0000000        
P   1
  1      0.1782510              1.0000000        
P   1
  1      0.0704310              1.0000000

SULFUR
S   1
  1 1270413.0000000             1.0000000        
S   1
  1 190248.7000000              1.0000000        
S   1
  1  43295.7100000              1.0000000        
S   1
  1  12262.8800000              1.0000000        
S   1
  1   4000.3040000              1.0000000        
S   1
  1   1443.9460000              1.0000000        
S   1
  1    562.9727000              1.0000000        
S   1
  1    233.1948000              1.0000000        
S   1
  1    101.3249000              1.0000000        
S   1
  1     45.6980700              1.0000000        
S   1
  1     20.9351800              1.0000000        
S   1
  1      8.4930760              1.0000000        
S   1
  1      3.9243820              1.0000000        
S   1
  1      1.7957830              1.0000000        
S   1
  1      0.6091940              1.0000000        
S   1
  1      0.2745240              1.0000000        
S   1
  1      0.1134360              1.0000000        
P   1
  1   2199.9020000              1.0000000        
P   1
  1    521.3185000              1.0000000        
P   1
  1    168.9647000              1.0000000        
P   1
  1     64.0367900              1.0000000        
P   1
  1     26.7186700              1.0000000        
P   1
  1     11.8281100              1.0000000        
P   1
  1      5.3779250              1.0000000        
P   1
  1      2.4814900              1.0000000        
P   1
  1      1.1147960              1.0000000        
P   1
  1      0.4844920              1.0000000        
P   1
  1      0.2004900              1.0000000        
P   1
  1      0.0794510              1.0000000

CHLORINE
S   1
  1 1464354.0000000             1.0000000        
S   1
  1 219299.6000000              1.0000000        
S   1
  1  49907.8300000              1.0000000        
S   1
  1  14135.8000000              1.0000000        
S   1
  1   4611.3040000              1.0000000        
S   1
  1   1664.4960000              1.0000000        
S   1
  1    648.9663000              1.0000000        
S   1
  1    268.8316000              1.0000000        
S   1
  1    116.8292000              1.0000000        
S   1
  1     52.7043400              1.0000000        
S   1
  1     24.1645800              1.0000000        
S   1
  1      9.8895740              1.0000000        
S   1
  1      4.6145750              1.0000000        
S   1
  1      2.1324590              1.0000000        
S   1
  1      0.7532060              1.0000000        
S   1
  1      0.3367610              1.0000000        
S   1
  1      0.1384530              1.0000000        
P   1
  1   2507.0250000              1.0000000        
P   1
  1    594.0857000              1.0000000        
P   1
  1    192.5719000              1.0000000        
P   1
  1     73.0240400              1.0000000        
P   1
  1     30.4982700              1.0000000        
P   1
  1     13.5176000              1.0000000        
P   1
  1      6.1602960              1.0000000        
P   1
  1      2.8508720              1.0000000        
P   1
  1      1.2685620              1.0000000        
P   1
  1      0.5594020              1.0000000        
P   1
  1      0.2336480              1.0000000        
P   1
  1      0.0929790              1.0000000

ARGON
S   1
  1 1670366.0000000             1.0000000        
S   1
  1 250141.2000000              1.0000000        
S   1
  1  56925.5600000              1.0000000        
S   1
  1  16123.3400000              1.0000000        
S   1
  1   5259.6450000              1.0000000        
S   1
  1   1898.5160000              1.0000000        
S   1
  1    740.2106000              1.0000000        
S   1
  1    306.6452000              1.0000000        
S   1
  1    133.2833000              1.0000000        
S   1
  1     60.1431700              1.0000000        
S   1
  1     27.5968200              1.0000000        
S   1
  1     11.3759000              1.0000000        
S   1
  1      5.3516300              1.0000000        
S   1
  1      2.4929310              1.0000000        
S   1
  1      0.9080630              1.0000000        
S   1
  1      0.4035710              1.0000000        
S   1
  1      0.1655090              1.0000000        
P   1
  1   2870.5020000              1.0000000        
P   1
  1    680.1966000              1.0000000        
P   1
  1    220.5214000              1.0000000        
P   1
  1     83.6786300              1.0000000        
P   1
  1     34.9885800              1.0000000        
P   1
  1     15.5358700              1.0000000        
P   1
  1      7.1041680              1.0000000        
P   1
  1      3.3043670              1.0000000        
P   1
  1      1.4719530              1.0000000        
P   1
  1      0.6532330              1.0000000        
P   1
  1      0.2746430              1.0000000        
P   1
  1      0.1096930              1.0000000

POTASSIUM
S   1
  1 3552528.0000000             1.0000000        
S   1
  1 531942.2000000              1.0000000        
S   1
  1 121055.1000000              1.0000000        
S   1
  1  34288.6900000              1.0000000        
S   1
  1  11186.4900000              1.0000000        
S   1
  1   4038.5190000              1.0000000        
S   1
  1   1575.1360000              1.0000000        
S   1
  1    653.2363000              1.0000000        
S   1
  1    284.7008000              1.0000000        
S   1
  1    129.1997000              1.0000000        
S   1
  1     60.5535000              1.0000000        
S   1
  1     28.7740200              1.0000000        
S   1
  1     12.4307200              1.0000000        
S   1
  1      5.9845020              1.0000000        
S   1
  1      2.8732810              1.0000000        
S   1
  1      1.1519320              1.0000000        
S   1
  1      0.5364110              1.0000000        
S   1
  1      0.2367970              1.0000000        
S   1
  1      0.0381580              1.0000000        
S   1
  1      0.0164260              1.0000000        
P   1
  1   3469.6330000              1.0000000        
P   1
  1    822.0937000              1.0000000        
P   1
  1    266.6256000              1.0000000        
P   1
  1    101.2994000              1.0000000        
P   1
  1     42.4365000              1.0000000        
P   1
  1     18.9145900              1.0000000        
P   1
  1      8.7029280              1.0000000        
P   1
  1      4.0861090              1.0000000        
P   1
  1      1.8671910              1.0000000        
P   1
  1      0.8454870              1.0000000        
P   1
  1      0.3681140              1.0000000        
P   1
  1      0.1517100              1.0000000

CALCIUM
S   1
  1 2402654.0000000             1.0000000        
S   1
  1 359789.8000000              1.0000000        
S   1
  1  81878.0900000              1.0000000        
S   1
  1  23190.8900000              1.0000000        
S   1
  1   7565.2120000              1.0000000        
S   1
  1   2730.7020000              1.0000000        
S   1
  1   1064.6400000              1.0000000        
S   1
  1    441.0605000              1.0000000        
S   1
  1    191.7269000              1.0000000        
S   1
  1     86.5377400              1.0000000        
S   1
  1     39.8992400              1.0000000        
S   1
  1     17.6406500              1.0000000        
S   1
  1      8.3599870              1.0000000        
S   1
  1      3.9513300              1.0000000        
S   1
  1      1.7133960              1.0000000        
S   1
  1      0.8108600              1.0000000        
S   1
  1      0.3602470              1.0000000        
S   1
  1      0.0810760              1.0000000        
S   1
  1      0.0448390              1.0000000        
S   1
  1      0.0214290              1.0000000        
P   1
  1   4062.1090000              1.0000000        
P   1
  1    962.4149000              1.0000000        
P   1
  1    312.2069000              1.0000000        
P   1
  1    118.7184000              1.0000000        
P   1
  1     49.8022700              1.0000000        
P   1
  1     22.2550200              1.0000000        
P   1
  1     10.2842600              1.0000000        
P   1
  1      4.8598300              1.0000000        
P   1
  1      2.2521960              1.0000000        
P   1
  1      1.0328690              1.0000000        
P   1
  1      0.4603090              1.0000000        
P   1
  1      0.1901110              1.0000000

SCANDIUM
S   1
  1 2715278.0000000             1.0000000        
S   1
  1 406598.4000000              1.0000000        
S   1
  1  92530.0400000              1.0000000        
S   1
  1  26207.9200000              1.0000000        
S   1
  1   8549.4290000              1.0000000        
S   1
  1   3085.9750000              1.0000000        
S   1
  1   1203.1720000              1.0000000        
S   1
  1    498.4869000              1.0000000        
S   1
  1    216.7360000              1.0000000        
S   1
  1     97.8747600              1.0000000        
S   1
  1     45.2043300              1.0000000        
S   1
  1     20.2118700              1.0000000        
S   1
  1      9.5747510              1.0000000        
S   1
  1      4.5403460              1.0000000        
S   1
  1      1.9956870              1.0000000        
S   1
  1      0.9422150              1.0000000        
S   1
  1      0.4178450              1.0000000        
S   1
  1      0.0957610              1.0000000        
S   1
  1      0.0513510              1.0000000        
S   1
  1      0.0238780              1.0000000        
P   1
  1   4609.8850000              1.0000000        
P   1
  1   1092.1560000              1.0000000        
P   1
  1    354.3368000              1.0000000        
P   1
  1    134.8076000              1.0000000        
P   1
  1     56.6025800              1.0000000        
P   1
  1     25.3341000              1.0000000        
P   1
  1     11.7403300              1.0000000        
P   1
  1      5.5692590              1.0000000        
P   1
  1      2.5949580              1.0000000        
P   1
  1      1.1963510              1.0000000        
P   1
  1      0.5350590              1.0000000        
P   1
  1      0.2207760              1.0000000        
D   1
  1    110.2197000              1.0000000        
D   1
  1     32.8004100              1.0000000        
D   1
  1     12.3130000              1.0000000        
D   1
  1      5.0638190              1.0000000        
D   1
  1      2.2255470              1.0000000        
D   1
  1      0.9923430              1.0000000        
D   1
  1      0.4363610              1.0000000        
D   1
  1      0.1857050              1.0000000        
D   1
  1      0.0734410              1.0000000

TITANIUM
S   1
  1 3014643.0000000             1.0000000        
S   1
  1 451432.9000000              1.0000000        
S   1
  1 102733.8000000              1.0000000        
S   1
  1  29098.1700000              1.0000000        
S   1
  1   9492.3300000              1.0000000        
S   1
  1   3426.3460000              1.0000000        
S   1
  1   1335.8960000              1.0000000        
S   1
  1    553.5026000              1.0000000        
S   1
  1    240.6925000              1.0000000        
S   1
  1    108.7293000              1.0000000        
S   1
  1     50.2645700              1.0000000        
S   1
  1     22.5800400              1.0000000        
S   1
  1     10.7143200              1.0000000        
S   1
  1      5.0935460              1.0000000        
S   1
  1      2.2441830              1.0000000        
S   1
  1      1.0595700              1.0000000        
S   1
  1      0.4688490              1.0000000        
S   1
  1      0.1061430              1.0000000        
S   1
  1      0.0552620              1.0000000        
S   1
  1      0.0254650              1.0000000        
P   1
  1   5181.1570000              1.0000000        
P   1
  1   1227.4610000              1.0000000        
P   1
  1    398.2712000              1.0000000        
P   1
  1    151.5867000              1.0000000        
P   1
  1     63.6963300              1.0000000        
P   1
  1     28.5473300              1.0000000        
P   1
  1     13.2612900              1.0000000        
P   1
  1      6.3103520              1.0000000        
P   1
  1      2.9518750              1.0000000        
P   1
  1      1.3653700              1.0000000        
P   1
  1      0.6114150              1.0000000        
P   1
  1      0.2525480              1.0000000        
D   1
  1    134.3565000              1.0000000        
D   1
  1     40.0418900              1.0000000        
D   1
  1     15.1297600              1.0000000        
D   1
  1      6.2769900              1.0000000        
D   1
  1      2.7814100              1.0000000        
D   1
  1      1.2536020              1.0000000        
D   1
  1      0.5574050              1.0000000        
D   1
  1      0.2397590              1.0000000        
D   1
  1      0.0952870              1.0000000

VANADIUM
S   1
  1 3322275.0000000             1.0000000        
S   1
  1 497498.4000000              1.0000000        
S   1
  1 113216.9000000              1.0000000        
S   1
  1  32067.3800000              1.0000000        
S   1
  1  10460.9500000              1.0000000        
S   1
  1   3775.9840000              1.0000000        
S   1
  1   1472.2260000              1.0000000        
S   1
  1    610.0108000              1.0000000        
S   1
  1    265.2975000              1.0000000        
S   1
  1    119.8764000              1.0000000        
S   1
  1     55.4566200              1.0000000        
S   1
  1     24.9886600              1.0000000        
S   1
  1     11.8826200              1.0000000        
S   1
  1      5.6613200              1.0000000        
S   1
  1      2.4964190              1.0000000        
S   1
  1      1.1781130              1.0000000        
S   1
  1      0.5201250              1.0000000        
S   1
  1      0.1159970              1.0000000        
S   1
  1      0.0589690              1.0000000        
S   1
  1      0.0269500              1.0000000        
P   1
  1   5780.8040000              1.0000000        
P   1
  1   1369.4850000              1.0000000        
P   1
  1    444.3868000              1.0000000        
P   1
  1    169.2003000              1.0000000        
P   1
  1     71.1447600              1.0000000        
P   1
  1     31.9225800              1.0000000        
P   1
  1     14.8604200              1.0000000        
P   1
  1      7.0899010              1.0000000        
P   1
  1      3.3270950              1.0000000        
P   1
  1      1.5423780              1.0000000        
P   1
  1      0.6910100              1.0000000        
P   1
  1      0.2856160              1.0000000        
D   1
  1    104.0005000              1.0000000        
D   1
  1     30.9169900              1.0000000        
D   1
  1     11.4260300              1.0000000        
D   1
  1      4.6592140              1.0000000        
D   1
  1      1.9968830              1.0000000        
D   1
  1      0.8497670              1.0000000        
D   1
  1      0.3495380              1.0000000        
D   1
  1      0.1316610              1.0000000

CHROMIUM
S   1
  1 6177194.0000000             1.0000000        
S   1
  1 924929.5000000              1.0000000        
S   1
  1 210486.5000000              1.0000000        
S   1
  1  59620.0500000              1.0000000        
S   1
  1  19450.7600000              1.0000000        
S   1
  1   7022.0560000              1.0000000        
S   1
  1   2738.7630000              1.0000000        
S   1
  1   1135.8140000              1.0000000        
S   1
  1    495.0923000              1.0000000        
S   1
  1    224.7487000              1.0000000        
S   1
  1    105.3836000              1.0000000        
S   1
  1     50.1935900              1.0000000        
S   1
  1     22.2495700              1.0000000        
S   1
  1     10.9826500              1.0000000        
S   1
  1      5.3836650              1.0000000        
S   1
  1      2.3436850              1.0000000        
S   1
  1      1.1052020              1.0000000        
S   1
  1      0.4878480              1.0000000        
S   1
  1      0.0895990              1.0000000        
S   1
  1      0.0334230              1.0000000        
P   1
  1   6268.9210000              1.0000000        
P   1
  1   1485.1180000              1.0000000        
P   1
  1    481.9146000              1.0000000        
P   1
  1    183.5142000              1.0000000        
P   1
  1     77.1900500              1.0000000        
P   1
  1     34.6517800              1.0000000        
P   1
  1     16.1484600              1.0000000        
P   1
  1      7.7109390              1.0000000        
P   1
  1      3.6071540              1.0000000        
P   1
  1      1.6673620              1.0000000        
P   1
  1      0.7390880              1.0000000        
P   1
  1      0.3013260              1.0000000        
D   1
  1    150.8341000              1.0000000        
D   1
  1     44.9972300              1.0000000        
D   1
  1     16.9608800              1.0000000        
D   1
  1      7.0401540              1.0000000        
D   1
  1      3.1038780              1.0000000        
D   1
  1      1.3758960              1.0000000        
D   1
  1      0.5922820              1.0000000        
D   1
  1      0.2421380              1.0000000        
D   1
  1      0.0912840              1.0000000

MANGANESE
S   1
  1 3960805.0000000             1.0000000        
S   1
  1 593115.5000000              1.0000000        
S   1
  1 134976.8000000              1.0000000        
S   1
  1  38230.6700000              1.0000000        
S   1
  1  12471.5400000              1.0000000        
S   1
  1   4501.7430000              1.0000000        
S   1
  1   1755.2120000              1.0000000        
S   1
  1    727.3039000              1.0000000        
S   1
  1    316.3678000              1.0000000        
S   1
  1    143.0098000              1.0000000        
S   1
  1     66.2180500              1.0000000        
S   1
  1     29.9189600              1.0000000        
S   1
  1     14.3031800              1.0000000        
S   1
  1      6.8394510              1.0000000        
S   1
  1      3.0123740              1.0000000        
S   1
  1      1.4188080              1.0000000        
S   1
  1      0.6236240              1.0000000        
S   1
  1      0.1340980              1.0000000        
S   1
  1      0.0655480              1.0000000        
S   1
  1      0.0295840              1.0000000        
P   1
  1   7048.2710000              1.0000000        
P   1
  1   1669.6780000              1.0000000        
P   1
  1    541.8571000              1.0000000        
P   1
  1    206.4295000              1.0000000        
P   1
  1     86.8933400              1.0000000        
P   1
  1     39.0630900              1.0000000        
P   1
  1     18.2472500              1.0000000        
P   1
  1      8.7412890              1.0000000        
P   1
  1      4.1193320              1.0000000        
P   1
  1      1.9148040              1.0000000        
P   1
  1      0.8578930              1.0000000        
P   1
  1      0.3549500              1.0000000        
D   1
  1    199.8357000              1.0000000        
D   1
  1     59.7217600              1.0000000        
D   1
  1     22.7477200              1.0000000        
D   1
  1      9.5650030              1.0000000        
D   1
  1      4.2854990              1.0000000        
D   1
  1      1.9509750              1.0000000        
D   1
  1      0.8727960              1.0000000        
D   1
  1      0.3756210              1.0000000        
D   1
  1      0.1480090              1.0000000

IRON
S   1
  1 4316265.0000000             1.0000000        
S   1
  1 646342.4000000              1.0000000        
S   1
  1 147089.7000000              1.0000000        
S   1
  1  41661.5200000              1.0000000        
S   1
  1  13590.7700000              1.0000000        
S   1
  1   4905.7500000              1.0000000        
S   1
  1   1912.7460000              1.0000000        
S   1
  1    792.6043000              1.0000000        
S   1
  1    344.8065000              1.0000000        
S   1
  1    155.8999000              1.0000000        
S   1
  1     72.2309100              1.0000000        
S   1
  1     32.7250600              1.0000000        
S   1
  1     15.6676200              1.0000000        
S   1
  1      7.5034830              1.0000000        
S   1
  1      3.3122230              1.0000000        
S   1
  1      1.5584710              1.0000000        
S   1
  1      0.6839140              1.0000000        
S   1
  1      0.1467570              1.0000000        
S   1
  1      0.0705830              1.0000000        
S   1
  1      0.0314490              1.0000000        
P   1
  1   7721.4890000              1.0000000        
P   1
  1   1829.1260000              1.0000000        
P   1
  1    593.6280000              1.0000000        
P   1
  1    226.2054000              1.0000000        
P   1
  1     95.2614500              1.0000000        
P   1
  1     42.8592000              1.0000000        
P   1
  1     20.0497100              1.0000000        
P   1
  1      9.6208850              1.0000000        
P   1
  1      4.5413710              1.0000000        
P   1
  1      2.1135000              1.0000000        
P   1
  1      0.9472010              1.0000000        
P   1
  1      0.3912430              1.0000000        
D   1
  1    217.3688000              1.0000000        
D   1
  1     64.9997600              1.0000000        
D   1
  1     24.7731400              1.0000000        
D   1
  1     10.4361400              1.0000000        
D   1
  1      4.6796530              1.0000000        
D   1
  1      2.1256220              1.0000000        
D   1
  1      0.9452420              1.0000000        
D   1
  1      0.4026850              1.0000000        
D   1
  1      0.1566510              1.0000000

COBALT
S   1
  1 4675675.0000000             1.0000000        
S   1
  1 700161.5000000              1.0000000        
S   1
  1 159337.3000000              1.0000000        
S   1
  1  45130.4600000              1.0000000        
S   1
  1  14722.3800000              1.0000000        
S   1
  1   5314.2220000              1.0000000        
S   1
  1   2072.0180000              1.0000000        
S   1
  1    858.6188000              1.0000000        
S   1
  1    373.5497000              1.0000000        
S   1
  1    168.9229000              1.0000000        
S   1
  1     78.2963900              1.0000000        
S   1
  1     35.5212300              1.0000000        
S   1
  1     17.0414400              1.0000000        
S   1
  1      8.1730000              1.0000000        
S   1
  1      3.6103180              1.0000000        
S   1
  1      1.6970470              1.0000000        
S   1
  1      0.7435320              1.0000000        
S   1
  1      0.1583440              1.0000000        
S   1
  1      0.0750360              1.0000000        
S   1
  1      0.0330910              1.0000000        
P   1
  1  12980.3000000              1.0000000        
P   1
  1   3073.5960000              1.0000000        
P   1
  1    998.1440000              1.0000000        
P   1
  1    381.4309000              1.0000000        
P   1
  1    161.3698000              1.0000000        
P   1
  1     73.2657200              1.0000000        
P   1
  1     34.8459400              1.0000000        
P   1
  1     17.0853000              1.0000000        
P   1
  1      8.5205250              1.0000000        
P   1
  1      4.1254170              1.0000000        
P   1
  1      1.9592160              1.0000000        
P   1
  1      0.9008220              1.0000000        
P   1
  1      0.3769440              1.0000000        
D   1
  1    159.5207000              1.0000000        
D   1
  1     47.5912500              1.0000000        
D   1
  1     17.7748800              1.0000000        
D   1
  1      7.3428290              1.0000000        
D   1
  1      3.1662180              1.0000000        
D   1
  1      1.3440140              1.0000000        
D   1
  1      0.5441760              1.0000000        
D   1
  1      0.1993760              1.0000000

NICKEL
S   1
  1 5047045.0000000             1.0000000        
S   1
  1 755772.8000000              1.0000000        
S   1
  1 171992.9000000              1.0000000        
S   1
  1  48715.0700000              1.0000000        
S   1
  1  15891.7700000              1.0000000        
S   1
  1   5736.3390000              1.0000000        
S   1
  1   2236.6140000              1.0000000        
S   1
  1    926.8451000              1.0000000        
S   1
  1    403.2611000              1.0000000        
S   1
  1    182.3871000              1.0000000        
S   1
  1     84.5678900              1.0000000        
S   1
  1     38.4080700              1.0000000        
S   1
  1     18.4634000              1.0000000        
S   1
  1      8.8659520              1.0000000        
S   1
  1      3.9178810              1.0000000        
S   1
  1      1.8395350              1.0000000        
S   1
  1      0.8045950              1.0000000        
S   1
  1      0.1698500              1.0000000        
S   1
  1      0.0793990              1.0000000        
S   1
  1      0.0346980              1.0000000        
P   1
  1  14096.0100000              1.0000000        
P   1
  1   3337.7610000              1.0000000        
P   1
  1   1083.9420000              1.0000000        
P   1
  1    414.2554000              1.0000000        
P   1
  1    175.3005000              1.0000000        
P   1
  1     79.6232200              1.0000000        
P   1
  1     37.8980200              1.0000000        
P   1
  1     18.6037300              1.0000000        
P   1
  1      9.2882400              1.0000000        
P   1
  1      4.5033870              1.0000000        
P   1
  1      2.1401220              1.0000000        
P   1
  1      0.9836850              1.0000000        
P   1
  1      0.4112690              1.0000000        
D   1
  1    174.0626000              1.0000000        
D   1
  1     51.9616900              1.0000000        
D   1
  1     19.4385900              1.0000000        
D   1
  1      8.0463770              1.0000000        
D   1
  1      3.4702700              1.0000000        
D   1
  1      1.4703380              1.0000000        
D   1
  1      0.5925020              1.0000000        
D   1
  1      0.2154790              1.0000000

COPPER
S   1
  1 9148883.0000000             1.0000000        
S   1
  1 1369956.0000000             1.0000000        
S   1
  1 311782.6000000              1.0000000        
S   1
  1  88318.8000000              1.0000000        
S   1
  1  28815.5300000              1.0000000        
S   1
  1  10403.4600000              1.0000000        
S   1
  1   4057.7910000              1.0000000        
S   1
  1   1682.9740000              1.0000000        
S   1
  1    733.7543000              1.0000000        
S   1
  1    333.2677000              1.0000000        
S   1
  1    156.4338000              1.0000000        
S   1
  1     74.6972100              1.0000000        
S   1
  1     33.3226200              1.0000000        
S   1
  1     16.6223700              1.0000000        
S   1
  1      8.2082600              1.0000000        
S   1
  1      3.6094000              1.0000000        
S   1
  1      1.6834490              1.0000000        
S   1
  1      0.7337570              1.0000000        
S   1
  1      0.1102070              1.0000000        
S   1
  1      0.0387860              1.0000000        
P   1
  1   9713.2530000              1.0000000        
P   1
  1   2300.8890000              1.0000000        
P   1
  1    746.7706000              1.0000000        
P   1
  1    284.6806000              1.0000000        
P   1
  1    119.9999000              1.0000000        
P   1
  1     54.0738600              1.0000000        
P   1
  1     25.3732100              1.0000000        
P   1
  1     12.2096200              1.0000000        
P   1
  1      5.7574210              1.0000000        
P   1
  1      2.6734020              1.0000000        
P   1
  1      1.1868350              1.0000000        
P   1
  1      0.4815930              1.0000000        
D   1
  1    249.3497000              1.0000000        
D   1
  1     74.6383700              1.0000000        
D   1
  1     28.3764100              1.0000000        
D   1
  1     11.9489300              1.0000000        
D   1
  1      5.3176460              1.0000000        
D   1
  1      2.3644170              1.0000000        
D   1
  1      1.0123860              1.0000000        
D   1
  1      0.4067730              1.0000000        
D   1
  1      0.1473310              1.0000000

ZINC
S   1
  1 5820021.0000000             1.0000000        
S   1
  1 871523.4000000              1.0000000        
S   1
  1 198335.0000000              1.0000000        
S   1
  1  56176.3100000              1.0000000        
S   1
  1  18325.8200000              1.0000000        
S   1
  1   6614.9550000              1.0000000        
S   1
  1   2579.1990000              1.0000000        
S   1
  1   1068.8490000              1.0000000        
S   1
  1    465.1045000              1.0000000        
S   1
  1    210.4130000              1.0000000        
S   1
  1     97.6162900              1.0000000        
S   1
  1     44.3802000              1.0000000        
S   1
  1     21.4230800              1.0000000        
S   1
  1     10.3089100              1.0000000        
S   1
  1      4.5536450              1.0000000        
S   1
  1      2.1328210              1.0000000        
S   1
  1      0.9296970              1.0000000        
S   1
  1      0.1921470              1.0000000        
S   1
  1      0.0875950              1.0000000        
S   1
  1      0.0377020              1.0000000        
P   1
  1  10684.5800000              1.0000000        
P   1
  1   2530.9030000              1.0000000        
P   1
  1    821.4820000              1.0000000        
P   1
  1    313.2522000              1.0000000        
P   1
  1    132.1094000              1.0000000        
P   1
  1     59.5875100              1.0000000        
P   1
  1     28.0039900              1.0000000        
P   1
  1     13.5042500              1.0000000        
P   1
  1      6.4018810              1.0000000        
P   1
  1      2.9857690              1.0000000        
P   1
  1      1.3369020              1.0000000        
P   1
  1      0.5499610              1.0000000        
D   1
  1    305.0115000              1.0000000        
D   1
  1     91.4000300              1.0000000        
D   1
  1     34.9582900              1.0000000        
D   1
  1     14.8369700              1.0000000        
D   1
  1      6.6807480              1.0000000        
D   1
  1      3.0290260              1.0000000        
D   1
  1      1.3348390              1.0000000        
D   1
  1      0.5586080              1.0000000        
D   1
  1      0.2117430              1.0000000

GALLIUM
S   1
  1 6542455.0000000             1.0000000        
S   1
  1 979693.9000000              1.0000000        
S   1
  1 222951.0000000              1.0000000        
S   1
  1  63148.6400000              1.0000000        
S   1
  1  20600.4900000              1.0000000        
S   1
  1   7436.1550000              1.0000000        
S   1
  1   2899.5060000              1.0000000        
S   1
  1   1201.7250000              1.0000000        
S   1
  1    523.0896000              1.0000000        
S   1
  1    236.8476000              1.0000000        
S   1
  1    110.2491000              1.0000000        
S   1
  1     51.1588000              1.0000000        
S   1
  1     24.3635700              1.0000000        
S   1
  1     11.7311200              1.0000000        
S   1
  1      5.3187540              1.0000000        
S   1
  1      2.4841930              1.0000000        
S   1
  1      1.0937870              1.0000000        
S   1
  1      0.2562120              1.0000000        
S   1
  1      0.1225850              1.0000000        
S   1
  1      0.0527680              1.0000000        
P   1
  1  14674.3400000              1.0000000        
P   1
  1   3475.1500000              1.0000000        
P   1
  1   1128.3750000              1.0000000        
P   1
  1    430.9483000              1.0000000        
P   1
  1    182.1980000              1.0000000        
P   1
  1     82.6164800              1.0000000        
P   1
  1     39.1881300              1.0000000        
P   1
  1     19.1832100              1.0000000        
P   1
  1      9.4968710              1.0000000        
P   1
  1      4.5485310              1.0000000        
P   1
  1      2.1154790              1.0000000        
P   1
  1      0.9445700              1.0000000        
P   1
  1      0.3015360              1.0000000        
P   1
  1      0.1105560              1.0000000        
P   1
  1      0.0398520              1.0000000        
D   1
  1    363.1434000              1.0000000        
D   1
  1    108.9187000              1.0000000        
D   1
  1     41.8305400              1.0000000        
D   1
  1     17.8649000              1.0000000        
D   1
  1      8.1141080              1.0000000        
D   1
  1      3.7334270              1.0000000        
D   1
  1      1.6815990              1.0000000        
D   1
  1      0.7261530              1.0000000        
D   1
  1      0.2848520              1.0000000

GERMANIUM
S   1
  1 7424671.0000000             1.0000000        
S   1
  1 1111788.0000000             1.0000000        
S   1
  1 253011.8000000              1.0000000        
S   1
  1  71663.5200000              1.0000000        
S   1
  1  23378.5700000              1.0000000        
S   1
  1   8439.2070000              1.0000000        
S   1
  1   3290.8420000              1.0000000        
S   1
  1   1364.1750000              1.0000000        
S   1
  1    594.0974000              1.0000000        
S   1
  1    269.3443000              1.0000000        
S   1
  1    125.9235000              1.0000000        
S   1
  1     59.5955400              1.0000000        
S   1
  1     27.8103200              1.0000000        
S   1
  1     13.4151900              1.0000000        
S   1
  1      6.2453270              1.0000000        
S   1
  1      2.8824060              1.0000000        
S   1
  1      1.2788710              1.0000000        
S   1
  1      0.3308380              1.0000000        
S   1
  1      0.1630490              1.0000000        
S   1
  1      0.0697120              1.0000000        
P   1
  1  16283.9600000              1.0000000        
P   1
  1   3856.1940000              1.0000000        
P   1
  1   1252.1570000              1.0000000        
P   1
  1    478.3475000              1.0000000        
P   1
  1    202.3414000              1.0000000        
P   1
  1     91.8359700              1.0000000        
P   1
  1     43.6382000              1.0000000        
P   1
  1     21.4131600              1.0000000        
P   1
  1     10.6440900              1.0000000        
P   1
  1      5.1247200              1.0000000        
P   1
  1      2.4080280              1.0000000        
P   1
  1      1.0961250              1.0000000        
P   1
  1      0.3730950              1.0000000        
P   1
  1      0.1448020              1.0000000        
P   1
  1      0.0544570              1.0000000        
D   1
  1    420.7175000              1.0000000        
D   1
  1    126.2834000              1.0000000        
D   1
  1     48.6337400              1.0000000        
D   1
  1     20.8696700              1.0000000        
D   1
  1      9.5375310              1.0000000        
D   1
  1      4.4335590              1.0000000        
D   1
  1      2.0278070              1.0000000        
D   1
  1      0.8945750              1.0000000        
D   1
  1      0.3577700              1.0000000

ARSENIC
S   1
  1 8462792.0000000             1.0000000        
S   1
  1 1267228.0000000             1.0000000        
S   1
  1 288385.5000000              1.0000000        
S   1
  1  81683.3100000              1.0000000        
S   1
  1  26647.6800000              1.0000000        
S   1
  1   9619.6190000              1.0000000        
S   1
  1   3751.4490000              1.0000000        
S   1
  1   1555.4620000              1.0000000        
S   1
  1    677.8005000              1.0000000        
S   1
  1    307.7340000              1.0000000        
S   1
  1    144.4815000              1.0000000        
S   1
  1     69.3126100              1.0000000        
S   1
  1     31.6318000              1.0000000        
S   1
  1     15.3205600              1.0000000        
S   1
  1      7.2981620              1.0000000        
S   1
  1      3.3099030              1.0000000        
S   1
  1      1.4801520              1.0000000        
S   1
  1      0.4162400              1.0000000        
S   1
  1      0.2084340              1.0000000        
S   1
  1      0.0881820              1.0000000        
P   1
  1  17874.3400000              1.0000000        
P   1
  1   4232.6730000              1.0000000        
P   1
  1   1374.4460000              1.0000000        
P   1
  1    525.1676000              1.0000000        
P   1
  1    222.2371000              1.0000000        
P   1
  1    100.9394000              1.0000000        
P   1
  1     48.0303400              1.0000000        
P   1
  1     23.6135100              1.0000000        
P   1
  1     11.7740000              1.0000000        
P   1
  1      5.6971910              1.0000000        
P   1
  1      2.7027150              1.0000000        
P   1
  1      1.2519520              1.0000000        
P   1
  1      0.4512010              1.0000000        
P   1
  1      0.1810660              1.0000000        
P   1
  1      0.0697650              1.0000000        
D   1
  1    479.2546000              1.0000000        
D   1
  1    143.9506000              1.0000000        
D   1
  1     55.5496800              1.0000000        
D   1
  1     23.9289500              1.0000000        
D   1
  1     10.9886300              1.0000000        
D   1
  1      5.1487180              1.0000000        
D   1
  1      2.3832530              1.0000000        
D   1
  1      1.0684550              1.0000000        
D   1
  1      0.4328050              1.0000000

SELENIUM
S   1
  1 9549925.0000000             1.0000000        
S   1
  1 1429995.0000000             1.0000000        
S   1
  1 325424.7000000              1.0000000        
S   1
  1  92174.5100000              1.0000000        
S   1
  1  30070.5600000              1.0000000        
S   1
  1  10855.5500000              1.0000000        
S   1
  1   4233.7200000              1.0000000        
S   1
  1   1755.7420000              1.0000000        
S   1
  1    765.4259000              1.0000000        
S   1
  1    347.8811000              1.0000000        
S   1
  1    163.7585000              1.0000000        
S   1
  1     79.0041800              1.0000000        
S   1
  1     35.4766100              1.0000000        
S   1
  1     17.2791900              1.0000000        
S   1
  1      8.3636090              1.0000000        
S   1
  1      3.7359470              1.0000000        
S   1
  1      1.6869310              1.0000000        
S   1
  1      0.5066750              1.0000000        
S   1
  1      0.2540780              1.0000000        
S   1
  1      0.1062760              1.0000000        
P   1
  1  18850.7900000              1.0000000        
P   1
  1   4463.9110000              1.0000000        
P   1
  1   1449.5260000              1.0000000        
P   1
  1    553.8605000              1.0000000        
P   1
  1    234.3982000              1.0000000        
P   1
  1    106.4761000              1.0000000        
P   1
  1     50.6759000              1.0000000        
P   1
  1     24.9257400              1.0000000        
P   1
  1     12.4306400              1.0000000        
P   1
  1      6.0356720              1.0000000        
P   1
  1      2.8862470              1.0000000        
P   1
  1      1.3596290              1.0000000        
P   1
  1      0.5177530              1.0000000        
P   1
  1      0.2069370              1.0000000        
P   1
  1      0.0787520              1.0000000        
D   1
  1    539.6426000              1.0000000        
D   1
  1    162.1869000              1.0000000        
D   1
  1     62.6852000              1.0000000        
D   1
  1     27.0893200              1.0000000        
D   1
  1     12.4897500              1.0000000        
D   1
  1      5.8899850              1.0000000        
D   1
  1      2.7533140              1.0000000        
D   1
  1      1.2504960              1.0000000        
D   1
  1      0.5117980              1.0000000

BROMINE
S   1
  1 10636410.0000000            1.0000000        
S   1
  1 1592686.0000000             1.0000000        
S   1
  1 362450.0000000              1.0000000        
S   1
  1 102662.5000000              1.0000000        
S   1
  1  33492.5700000              1.0000000        
S   1
  1  12091.2000000              1.0000000        
S   1
  1   4715.8610000              1.0000000        
S   1
  1   1955.9200000              1.0000000        
S   1
  1    852.9404000              1.0000000        
S   1
  1    387.8817000              1.0000000        
S   1
  1    182.8030000              1.0000000        
S   1
  1     88.3090800              1.0000000        
S   1
  1     39.2826900              1.0000000        
S   1
  1     19.2462600              1.0000000        
S   1
  1      9.4137700              1.0000000        
S   1
  1      4.1619120              1.0000000        
S   1
  1      1.9002400              1.0000000        
S   1
  1      0.6043510              1.0000000        
S   1
  1      0.3014690              1.0000000        
S   1
  1      0.1252850              1.0000000        
P   1
  1  19599.9900000              1.0000000        
P   1
  1   4641.3880000              1.0000000        
P   1
  1   1507.1280000              1.0000000        
P   1
  1    575.8389000              1.0000000        
P   1
  1    243.6900000              1.0000000        
P   1
  1    110.6842000              1.0000000        
P   1
  1     52.6655200              1.0000000        
P   1
  1     25.8969500              1.0000000        
P   1
  1     12.8954100              1.0000000        
P   1
  1      6.2716070              1.0000000        
P   1
  1      3.0161110              1.0000000        
P   1
  1      1.4376460              1.0000000        
P   1
  1      0.5804040              1.0000000        
P   1
  1      0.2344330              1.0000000        
P   1
  1      0.0897840              1.0000000        
D   1
  1    601.6184000              1.0000000        
D   1
  1    180.9115000              1.0000000        
D   1
  1     70.0090200              1.0000000        
D   1
  1     30.3355800              1.0000000        
D   1
  1     14.0333900              1.0000000        
D   1
  1      6.6534220              1.0000000        
D   1
  1      3.1359100              1.0000000        
D   1
  1      1.4393290              1.0000000        
D   1
  1      0.5934260              1.0000000

KRYPTON
S   1
  1 11707780.0000000            1.0000000        
S   1
  1 1753066.0000000             1.0000000        
S   1
  1 398944.5000000              1.0000000        
S   1
  1 112999.2000000              1.0000000        
S   1
  1  36864.8700000              1.0000000        
S   1
  1  13308.7100000              1.0000000        
S   1
  1   5190.8150000              1.0000000        
S   1
  1   2153.0300000              1.0000000        
S   1
  1    939.0354000              1.0000000        
S   1
  1    427.1455000              1.0000000        
S   1
  1    201.3803000              1.0000000        
S   1
  1     97.2535200              1.0000000        
S   1
  1     43.0556800              1.0000000        
S   1
  1     21.2098100              1.0000000        
S   1
  1     10.4456800              1.0000000        
S   1
  1      4.5907630              1.0000000        
S   1
  1      2.1202840              1.0000000        
S   1
  1      0.7081770              1.0000000        
S   1
  1      0.3503780              1.0000000        
S   1
  1      0.1451890              1.0000000        
P   1
  1  20287.9800000              1.0000000        
P   1
  1   4804.4250000              1.0000000        
P   1
  1   1560.0440000              1.0000000        
P   1
  1    596.0170000              1.0000000        
P   1
  1    252.2107000              1.0000000        
P   1
  1    114.5310000              1.0000000        
P   1
  1     54.4732300              1.0000000        
P   1
  1     26.7677300              1.0000000        
P   1
  1     13.2943200              1.0000000        
P   1
  1      6.4650530              1.0000000        
P   1
  1      3.1176790              1.0000000        
P   1
  1      1.4886490              1.0000000        
P   1
  1      0.6356050              1.0000000        
P   1
  1      0.2612440              1.0000000        
P   1
  1      0.1016080              1.0000000        
D   1
  1    665.4865000              1.0000000        
D   1
  1    200.2157000              1.0000000        
D   1
  1     77.5578800              1.0000000        
D   1
  1     33.6836900              1.0000000        
D   1
  1     15.6272800              1.0000000        
D   1
  1      7.4430590              1.0000000        
D   1
  1      3.5330890              1.0000000        
D   1
  1      1.6359300              1.0000000        
D   1
  1      0.6782270              1.0000000

RUBIDIUM
S   1
  1 33676620.0000000            1.0000000        
S   1
  1 5043176.0000000             1.0000000        
S   1
  1 1147775.0000000             1.0000000        
S   1
  1 325140.5000000              1.0000000        
S   1
  1 106090.9000000              1.0000000        
S   1
  1  38307.6300000              1.0000000        
S   1
  1  14944.2700000              1.0000000        
S   1
  1   6200.0500000              1.0000000        
S   1
  1   2705.2650000              1.0000000        
S   1
  1   1230.9260000              1.0000000        
S   1
  1    580.0102000              1.0000000        
S   1
  1    281.2328000              1.0000000        
S   1
  1    138.8341000              1.0000000        
S   1
  1     67.4233600              1.0000000        
S   1
  1     34.6005100              1.0000000        
S   1
  1     17.7536800              1.0000000        
S   1
  1      8.8974140              1.0000000        
S   1
  1      4.3941480              1.0000000        
S   1
  1      2.1646040              1.0000000        
S   1
  1      0.8467160              1.0000000        
S   1
  1      0.4236730              1.0000000        
S   1
  1      0.1926240              1.0000000        
S   1
  1      0.0333380              1.0000000        
S   1
  1      0.0146950              1.0000000        
P   1
  1  32035.9500000              1.0000000        
P   1
  1   7583.9050000              1.0000000        
P   1
  1   2463.1390000              1.0000000        
P   1
  1    942.3746000              1.0000000        
P   1
  1    399.8539000              1.0000000        
P   1
  1    182.3892000              1.0000000        
P   1
  1     87.5458000              1.0000000        
P   1
  1     43.4863700              1.0000000        
P   1
  1     22.0899900              1.0000000        
P   1
  1     11.1445000              1.0000000        
P   1
  1      5.5510920              1.0000000        
P   1
  1      2.7515420              1.0000000        
P   1
  1      1.3045470              1.0000000        
P   1
  1      0.6149900              1.0000000        
P   1
  1      0.2757990              1.0000000        
P   1
  1      0.1161480              1.0000000        
D   1
  1   1096.3700000              1.0000000        
D   1
  1    330.8446000              1.0000000        
D   1
  1    128.8062000              1.0000000        
D   1
  1     56.8472700              1.0000000        
D   1
  1     26.8713300              1.0000000        
D   1
  1     13.2620700              1.0000000        
D   1
  1      6.6200980              1.0000000        
D   1
  1      3.2910860              1.0000000        
D   1
  1      1.5898520              1.0000000        
D   1
  1      0.6889990              1.0000000

STRONTIUM
S   1
  1 44174240.0000000            1.0000000        
S   1
  1 6544609.0000000             1.0000000        
S   1
  1 1475561.0000000             1.0000000        
S   1
  1 414639.5000000              1.0000000        
S   1
  1 134348.0000000              1.0000000        
S   1
  1  48211.7900000              1.0000000        
S   1
  1  18704.8500000              1.0000000        
S   1
  1   7722.1530000              1.0000000        
S   1
  1   3354.6740000              1.0000000        
S   1
  1   1520.6420000              1.0000000        
S   1
  1    714.3551000              1.0000000        
S   1
  1    345.8466000              1.0000000        
S   1
  1    171.4040000              1.0000000        
S   1
  1     85.8914400              1.0000000        
S   1
  1     42.8650700              1.0000000        
S   1
  1     22.0069100              1.0000000        
S   1
  1     11.2682000              1.0000000        
S   1
  1      5.3966680              1.0000000        
S   1
  1      2.6782740              1.0000000        
S   1
  1      1.1871510              1.0000000        
S   1
  1      0.5964960              1.0000000        
S   1
  1      0.2719560              1.0000000        
S   1
  1      0.0555710              1.0000000        
S   1
  1      0.0227610              1.0000000        
P   1
  1  35177.7300000              1.0000000        
P   1
  1   8327.4320000              1.0000000        
P   1
  1   2704.6590000              1.0000000        
P   1
  1   1034.8890000              1.0000000        
P   1
  1    439.2300000              1.0000000        
P   1
  1    200.4365000              1.0000000        
P   1
  1     96.2959500              1.0000000        
P   1
  1     47.8973500              1.0000000        
P   1
  1     24.3881100              1.0000000        
P   1
  1     12.3756300              1.0000000        
P   1
  1      6.1993910              1.0000000        
P   1
  1      3.0985430              1.0000000        
P   1
  1      1.4923690              1.0000000        
P   1
  1      0.7128890              1.0000000        
P   1
  1      0.3276740              1.0000000        
P   1
  1      0.1368210              1.0000000        
D   1
  1   1225.2690000              1.0000000        
D   1
  1    369.9275000              1.0000000        
D   1
  1    144.0983000              1.0000000        
D   1
  1     63.7079200              1.0000000        
D   1
  1     30.1895100              1.0000000        
D   1
  1     14.9542800              1.0000000        
D   1
  1      7.5076770              1.0000000        
D   1
  1      3.7621840              1.0000000        
D   1
  1      1.8380060              1.0000000        
D   1
  1      0.8152040              1.0000000


