SCANDIUM
S   1
  1 14228140.0000000            1.0000000        
S   1
  1 2129471.0000000             1.0000000        
S   1
  1 484447.9000000              1.0000000        
S   1
  1 137186.9000000              1.0000000        
S   1
  1  44749.8500000              1.0000000        
S   1
  1  16154.4900000              1.0000000        
S   1
  1   6300.9270000              1.0000000        
S   1
  1   2613.8920000              1.0000000        
S   1
  1   1140.6110000              1.0000000        
S   1
  1    519.1924000              1.0000000        
S   1
  1    244.8586000              1.0000000        
S   1
  1    119.0198000              1.0000000        
S   1
  1     59.3018400              1.0000000        
S   1
  1     29.8943600              1.0000000        
S   1
  1     14.1487700              1.0000000        
S   1
  1      7.1230790              1.0000000        
S   1
  1      3.6024530              1.0000000        
S   1
  1      1.6481300              1.0000000        
S   1
  1      0.8014280              1.0000000        
S   1
  1      0.3761780              1.0000000        
S   1
  1      0.0977590              1.0000000        
S   1
  1      0.0477060              1.0000000        
S   1
  1      0.0222420              1.0000000        
P   1
  1  15494.1000000              1.0000000        
P   1
  1   3666.6120000              1.0000000        
P   1
  1   1190.9240000              1.0000000        
P   1
  1    455.9083000              1.0000000        
P   1
  1    193.6241000              1.0000000        
P   1
  1     88.3229900              1.0000000        
P   1
  1     42.4671900              1.0000000        
P   1
  1     21.1481200              1.0000000        
P   1
  1     10.7603000              1.0000000        
P   1
  1      5.5703580              1.0000000        
P   1
  1      2.8766040              1.0000000        
P   1
  1      1.4537960              1.0000000        
P   1
  1      0.7190290              1.0000000        
P   1
  1      0.3460740              1.0000000        
P   1
  1      0.1419070              1.0000000        
D   1
  1    232.9690000              1.0000000        
D   1
  1     69.7482300              1.0000000        
D   1
  1     26.9284400              1.0000000        
D   1
  1     11.6380500              1.0000000        
D   1
  1      5.3198170              1.0000000        
D   1
  1      2.5503140              1.0000000        
D   1
  1      1.2418130              1.0000000        
D   1
  1      0.6006520              1.0000000        
D   1
  1      0.2861940              1.0000000        
D   1
  1      0.1319550              1.0000000        
D   1
  1      0.0572870              1.0000000

TITANIUM
S   1
  1 15688460.0000000            1.0000000        
S   1
  1 2348898.0000000             1.0000000        
S   1
  1 534521.8000000              1.0000000        
S   1
  1 151404.7000000              1.0000000        
S   1
  1  49398.7500000              1.0000000        
S   1
  1  17836.3900000              1.0000000        
S   1
  1   6958.2960000              1.0000000        
S   1
  1   2887.1390000              1.0000000        
S   1
  1   1260.0750000              1.0000000        
S   1
  1    573.6763000              1.0000000        
S   1
  1    270.6123000              1.0000000        
S   1
  1    131.5738000              1.0000000        
S   1
  1     65.5831100              1.0000000        
S   1
  1     33.0887500              1.0000000        
S   1
  1     15.6988800              1.0000000        
S   1
  1      7.9331840              1.0000000        
S   1
  1      4.0251500              1.0000000        
S   1
  1      1.8541480              1.0000000        
S   1
  1      0.9007890              1.0000000        
S   1
  1      0.4218080              1.0000000        
S   1
  1      0.1085430              1.0000000        
S   1
  1      0.0520430              1.0000000        
S   1
  1      0.0239520              1.0000000        
P   1
  1  17401.2000000              1.0000000        
P   1
  1   4118.6290000              1.0000000        
P   1
  1   1337.9480000              1.0000000        
P   1
  1    512.2883000              1.0000000        
P   1
  1    217.6497000              1.0000000        
P   1
  1     99.3449300              1.0000000        
P   1
  1     47.8083000              1.0000000        
P   1
  1     23.8407100              1.0000000        
P   1
  1     12.1557200              1.0000000        
P   1
  1      6.3079780              1.0000000        
P   1
  1      3.2660550              1.0000000        
P   1
  1      1.6553820              1.0000000        
P   1
  1      0.8203180              1.0000000        
P   1
  1      0.3949300              1.0000000        
P   1
  1      0.1625260              1.0000000        
D   1
  1    292.1649000              1.0000000        
D   1
  1     87.4401800              1.0000000        
D   1
  1     33.7444400              1.0000000        
D   1
  1     14.6443400              1.0000000        
D   1
  1      6.7292290              1.0000000        
D   1
  1      3.2411920              1.0000000        
D   1
  1      1.5897870              1.0000000        
D   1
  1      0.7750830              1.0000000        
D   1
  1      0.3719630              1.0000000        
D   1
  1      0.1724550              1.0000000        
D   1
  1      0.0746870              1.0000000

VANADIUM
S   1
  1 17242380.0000000            1.0000000        
S   1
  1 2581538.0000000             1.0000000        
S   1
  1 587483.2000000              1.0000000        
S   1
  1 166412.7000000              1.0000000        
S   1
  1  54297.2000000              1.0000000        
S   1
  1  19605.5700000              1.0000000        
S   1
  1   7648.6050000              1.0000000        
S   1
  1   3173.5880000              1.0000000        
S   1
  1   1385.1060000              1.0000000        
S   1
  1    630.6174000              1.0000000        
S   1
  1    297.4967000              1.0000000        
S   1
  1    144.6682000              1.0000000        
S   1
  1     72.1311500              1.0000000        
S   1
  1     36.4185600              1.0000000        
S   1
  1     17.3129200              1.0000000        
S   1
  1      8.7753250              1.0000000        
S   1
  1      4.4631810              1.0000000        
S   1
  1      2.0656460              1.0000000        
S   1
  1      1.0019660              1.0000000        
S   1
  1      0.4679380              1.0000000        
S   1
  1      0.1188030              1.0000000        
S   1
  1      0.0561220              1.0000000        
S   1
  1      0.0255500              1.0000000        
P   1
  1  19450.8800000              1.0000000        
P   1
  1   4603.3660000              1.0000000        
P   1
  1   1495.3130000              1.0000000        
P   1
  1    572.5294000              1.0000000        
P   1
  1    243.2758000              1.0000000        
P   1
  1    111.0804000              1.0000000        
P   1
  1     53.4865800              1.0000000        
P   1
  1     26.7007400              1.0000000        
P   1
  1     13.6375900              1.0000000        
P   1
  1      7.0910430              1.0000000        
P   1
  1      3.6792360              1.0000000        
P   1
  1      1.8687360              1.0000000        
P   1
  1      0.9271050              1.0000000        
P   1
  1      0.4463160              1.0000000        
P   1
  1      0.1843720              1.0000000        
D   1
  1    332.1785000              1.0000000        
D   1
  1     99.6685400              1.0000000        
D   1
  1     38.5666700              1.0000000        
D   1
  1     16.8067800              1.0000000        
D   1
  1      7.7667940              1.0000000        
D   1
  1      3.7601230              1.0000000        
D   1
  1      1.8530900              1.0000000        
D   1
  1      0.9072600              1.0000000        
D   1
  1      0.4365920              1.0000000        
D   1
  1      0.2026990              1.0000000        
D   1
  1      0.0875540              1.0000000

CHROMIUM
S   1
  1 18273400.0000000            1.0000000        
S   1
  1 2736169.0000000             1.0000000        
S   1
  1 622721.5000000              1.0000000        
S   1
  1 176403.1000000              1.0000000        
S   1
  1  57557.1200000              1.0000000        
S   1
  1  20782.0500000              1.0000000        
S   1
  1   8107.2140000              1.0000000        
S   1
  1   3363.6970000              1.0000000        
S   1
  1   1467.9890000              1.0000000        
S   1
  1    668.3000000              1.0000000        
S   1
  1    315.2450000              1.0000000        
S   1
  1    153.2895000              1.0000000        
S   1
  1     76.4313000              1.0000000        
S   1
  1     38.6244500              1.0000000        
S   1
  1     18.4522900              1.0000000        
S   1
  1      9.3682850              1.0000000        
S   1
  1      4.7709900              1.0000000        
S   1
  1      2.1955980              1.0000000        
S   1
  1      1.0522080              1.0000000        
S   1
  1      0.4815670              1.0000000        
S   1
  1      0.1174470              1.0000000        
S   1
  1      0.0559040              1.0000000        
S   1
  1      0.0252330              1.0000000        
P   1
  1  21337.7900000              1.0000000        
P   1
  1   5049.4980000              1.0000000        
P   1
  1   1640.1310000              1.0000000        
P   1
  1    627.9602000              1.0000000        
P   1
  1    266.8501000              1.0000000        
P   1
  1    121.8754000              1.0000000        
P   1
  1     58.7085600              1.0000000        
P   1
  1     29.3272500              1.0000000        
P   1
  1     14.9964900              1.0000000        
P   1
  1      7.8050300              1.0000000        
P   1
  1      4.0493280              1.0000000        
P   1
  1      2.0563890              1.0000000        
P   1
  1      1.0157240              1.0000000        
P   1
  1      0.4844630              1.0000000        
P   1
  1      0.2035720              1.0000000        
D   1
  1    317.6249000              1.0000000        
D   1
  1     95.2146500              1.0000000        
D   1
  1     36.7953200              1.0000000        
D   1
  1     15.9388600              1.0000000        
D   1
  1      7.3309550              1.0000000        
D   1
  1      3.5220990              1.0000000        
D   1
  1      1.7073720              1.0000000        
D   1
  1      0.8147770              1.0000000        
D   1
  1      0.3775320              1.0000000        
D   1
  1      0.1678180              1.0000000        
D   1
  1      0.0699560              1.0000000

MANGANESE
S   1
  1 20492660.0000000            1.0000000        
S   1
  1 3068183.0000000             1.0000000        
S   1
  1 698235.9000000              1.0000000        
S   1
  1 197786.6000000              1.0000000        
S   1
  1  64534.0200000              1.0000000        
S   1
  1  23301.7500000              1.0000000        
S   1
  1   9090.4910000              1.0000000        
S   1
  1   3771.8210000              1.0000000        
S   1
  1   1646.1930000              1.0000000        
S   1
  1    749.5010000              1.0000000        
S   1
  1    353.6151000              1.0000000        
S   1
  1    171.9954000              1.0000000        
S   1
  1     85.7953800              1.0000000        
S   1
  1     43.3735600              1.0000000        
S   1
  1     20.7009100              1.0000000        
S   1
  1     10.5415200              1.0000000        
S   1
  1      5.3797600              1.0000000        
S   1
  1      2.5043880              1.0000000        
S   1
  1      1.2099100              1.0000000        
S   1
  1      0.5619180              1.0000000        
S   1
  1      0.1379240              1.0000000        
S   1
  1      0.0635630              1.0000000        
S   1
  1      0.0284360              1.0000000        
P   1
  1  23784.7300000              1.0000000        
P   1
  1   5628.8020000              1.0000000        
P   1
  1   1828.3740000              1.0000000        
P   1
  1    700.0849000              1.0000000        
P   1
  1    297.5632000              1.0000000        
P   1
  1    135.9586000              1.0000000        
P   1
  1     65.5339200              1.0000000        
P   1
  1     32.7745200              1.0000000        
P   1
  1     16.7886700              1.0000000        
P   1
  1      8.7569260              1.0000000        
P   1
  1      4.5572080              1.0000000        
P   1
  1      2.3211360              1.0000000        
P   1
  1      1.1528680              1.0000000        
P   1
  1      0.5547620              1.0000000        
P   1
  1      0.2309120              1.0000000        
D   1
  1    424.6654000              1.0000000        
D   1
  1    127.6252000              1.0000000        
D   1
  1     49.4635600              1.0000000        
D   1
  1     21.6417400              1.0000000        
D   1
  1     10.0647600              1.0000000        
D   1
  1      4.8989800              1.0000000        
D   1
  1      2.4252420              1.0000000        
D   1
  1      1.1910260              1.0000000        
D   1
  1      0.5733020              1.0000000        
D   1
  1      0.2656280              1.0000000        
D   1
  1      0.1138010              1.0000000

IRON
S   1
  1 22219490.0000000            1.0000000        
S   1
  1 3328111.0000000             1.0000000        
S   1
  1 757610.9000000              1.0000000        
S   1
  1 214653.0000000              1.0000000        
S   1
  1  70049.9600000              1.0000000        
S   1
  1  25297.3500000              1.0000000        
S   1
  1   9870.3540000              1.0000000        
S   1
  1   4095.8950000              1.0000000        
S   1
  1   1787.8330000              1.0000000        
S   1
  1    814.0833000              1.0000000        
S   1
  1    384.1415000              1.0000000        
S   1
  1    186.8802000              1.0000000        
S   1
  1     93.2485900              1.0000000        
S   1
  1     47.1721300              1.0000000        
S   1
  1     22.5525100              1.0000000        
S   1
  1     11.5079800              1.0000000        
S   1
  1      5.8816590              1.0000000        
S   1
  1      2.7462910              1.0000000        
S   1
  1      1.3263780              1.0000000        
S   1
  1      0.6151170              1.0000000        
S   1
  1      0.1505770              1.0000000        
S   1
  1      0.0684860              1.0000000        
S   1
  1      0.0302880              1.0000000        
P   1
  1  26045.2800000              1.0000000        
P   1
  1   6164.1570000              1.0000000        
P   1
  1   2002.3880000              1.0000000        
P   1
  1    766.7725000              1.0000000        
P   1
  1    325.9611000              1.0000000        
P   1
  1    148.9799000              1.0000000        
P   1
  1     71.8437300              1.0000000        
P   1
  1     35.9581100              1.0000000        
P   1
  1     18.4423400              1.0000000        
P   1
  1      9.6317930              1.0000000        
P   1
  1      5.0180680              1.0000000        
P   1
  1      2.5588520              1.0000000        
P   1
  1      1.2719850              1.0000000        
P   1
  1      0.6118170              1.0000000        
P   1
  1      0.2542560              1.0000000        
D   1
  1    460.4508000              1.0000000        
D   1
  1    138.4285000              1.0000000        
D   1
  1     53.6718300              1.0000000        
D   1
  1     23.4926200              1.0000000        
D   1
  1     10.9407000              1.0000000        
D   1
  1      5.3296440              1.0000000        
D   1
  1      2.6344480              1.0000000        
D   1
  1      1.2885860              1.0000000        
D   1
  1      0.6158810              1.0000000        
D   1
  1      0.2826910              1.0000000        
D   1
  1      0.1198400              1.0000000

COBALT
S   1
  1 24078730.0000000            1.0000000        
S   1
  1 3605440.0000000             1.0000000        
S   1
  1 820548.8000000              1.0000000        
S   1
  1 232444.6000000              1.0000000        
S   1
  1  75845.9200000              1.0000000        
S   1
  1  27387.5900000              1.0000000        
S   1
  1  10685.0000000              1.0000000        
S   1
  1   4433.6270000              1.0000000        
S   1
  1   1935.1290000              1.0000000        
S   1
  1    881.1123000              1.0000000        
S   1
  1    415.7653000              1.0000000        
S   1
  1    202.2726000              1.0000000        
S   1
  1    100.9430000              1.0000000        
S   1
  1     51.0890000              1.0000000        
S   1
  1     24.4633600              1.0000000        
S   1
  1     12.5034200              1.0000000        
S   1
  1      6.3972580              1.0000000        
S   1
  1      2.9927150              1.0000000        
S   1
  1      1.4440090              1.0000000        
S   1
  1      0.6684110              1.0000000        
S   1
  1      0.1623140              1.0000000        
S   1
  1      0.0729790              1.0000000        
S   1
  1      0.0319670              1.0000000        
P   1
  1  28432.6500000              1.0000000        
P   1
  1   6729.0070000              1.0000000        
P   1
  1   2185.8230000              1.0000000        
P   1
  1    837.0114000              1.0000000        
P   1
  1    355.8506000              1.0000000        
P   1
  1    162.6782000              1.0000000        
P   1
  1     78.4791000              1.0000000        
P   1
  1     39.3053200              1.0000000        
P   1
  1     20.1807400              1.0000000        
P   1
  1     10.5510100              1.0000000        
P   1
  1      5.5019070              1.0000000        
P   1
  1      2.8078680              1.0000000        
P   1
  1      1.3962900              1.0000000        
P   1
  1      0.6712470              1.0000000        
P   1
  1      0.2789200              1.0000000        
D   1
  1    502.1198000              1.0000000        
D   1
  1    151.0207000              1.0000000        
D   1
  1     58.5805900              1.0000000        
D   1
  1     25.6604500              1.0000000        
D   1
  1     11.9695700              1.0000000        
D   1
  1      5.8369490              1.0000000        
D   1
  1      2.8838880              1.0000000        
D   1
  1      1.4077020              1.0000000        
D   1
  1      0.6700770              1.0000000        
D   1
  1      0.3058290              1.0000000        
D   1
  1      0.1287160              1.0000000

NICKEL
S   1
  1 26074180.0000000            1.0000000        
S   1
  1 3900623.0000000             1.0000000        
S   1
  1 887188.9000000              1.0000000        
S   1
  1 251219.4000000              1.0000000        
S   1
  1  81947.8100000              1.0000000        
S   1
  1  29584.0600000              1.0000000        
S   1
  1  11539.6400000              1.0000000        
S   1
  1   4787.4170000              1.0000000        
S   1
  1   2089.2230000              1.0000000        
S   1
  1    951.1524000              1.0000000        
S   1
  1    448.7763000              1.0000000        
S   1
  1    218.3280000              1.0000000        
S   1
  1    108.9656000              1.0000000        
S   1
  1     55.1729800              1.0000000        
S   1
  1     26.4504800              1.0000000        
S   1
  1     13.5376100              1.0000000        
S   1
  1      6.9320720              1.0000000        
S   1
  1      3.2473880              1.0000000        
S   1
  1      1.5651640              1.0000000        
S   1
  1      0.7230710              1.0000000        
S   1
  1      0.1739960              1.0000000        
S   1
  1      0.0774060              1.0000000        
S   1
  1      0.0336080              1.0000000        
P   1
  1  30916.6400000              1.0000000        
P   1
  1   7316.7400000              1.0000000        
P   1
  1   2376.6990000              1.0000000        
P   1
  1    910.1014000              1.0000000        
P   1
  1    386.9528000              1.0000000        
P   1
  1    176.9320000              1.0000000        
P   1
  1     85.3835100              1.0000000        
P   1
  1     42.7887100              1.0000000        
P   1
  1     21.9904800              1.0000000        
P   1
  1     11.5080500              1.0000000        
P   1
  1      6.0055610              1.0000000        
P   1
  1      3.0671070              1.0000000        
P   1
  1      1.5256580              1.0000000        
P   1
  1      0.7330650              1.0000000        
P   1
  1      0.3046300              1.0000000        
D   1
  1    545.9420000              1.0000000        
D   1
  1    164.2648000              1.0000000        
D   1
  1     63.7446100              1.0000000        
D   1
  1     27.9427100              1.0000000        
D   1
  1     13.0535400              1.0000000        
D   1
  1      6.3713500              1.0000000        
D   1
  1      3.1467670              1.0000000        
D   1
  1      1.5334380              1.0000000        
D   1
  1      0.7274700              1.0000000        
D   1
  1      0.3304260              1.0000000        
D   1
  1      0.1381830              1.0000000

COPPER
S   1
  1 26284110.0000000            1.0000000        
S   1
  1 3934593.0000000             1.0000000        
S   1
  1 895242.5000000              1.0000000        
S   1
  1 253557.7000000              1.0000000        
S   1
  1  82725.4600000              1.0000000        
S   1
  1  29869.4300000              1.0000000        
S   1
  1  11652.7500000              1.0000000        
S   1
  1   4835.0090000              1.0000000        
S   1
  1   2110.1320000              1.0000000        
S   1
  1    960.6121000              1.0000000        
S   1
  1    453.1518000              1.0000000        
S   1
  1    220.3899000              1.0000000        
S   1
  1    109.9379000              1.0000000        
S   1
  1     55.6835700              1.0000000        
S   1
  1     26.9558600              1.0000000        
S   1
  1     13.7925500              1.0000000        
S   1
  1      7.0636980              1.0000000        
S   1
  1      3.2864320              1.0000000        
S   1
  1      1.5609070              1.0000000        
S   1
  1      0.7058490              1.0000000        
S   1
  1      0.1422580              1.0000000        
S   1
  1      0.0636040              1.0000000        
S   1
  1      0.0280480              1.0000000        
P   1
  1  32794.5200000              1.0000000        
P   1
  1   7760.8990000              1.0000000        
P   1
  1   2520.9300000              1.0000000        
P   1
  1    965.3069000              1.0000000        
P   1
  1    410.4222000              1.0000000        
P   1
  1    187.6788000              1.0000000        
P   1
  1     90.5851100              1.0000000        
P   1
  1     45.4055200              1.0000000        
P   1
  1     23.3472000              1.0000000        
P   1
  1     12.2177600              1.0000000        
P   1
  1      6.3647770              1.0000000        
P   1
  1      3.2455280              1.0000000        
P   1
  1      1.6075990              1.0000000        
P   1
  1      0.7657230              1.0000000        
P   1
  1      0.3179970              1.0000000        
D   1
  1      0.1095070              1.0000000        
D   1
  1      0.2735920              1.0000000        
D   1
  1      0.6287960              1.0000000        
D   1
  1      1.3719030              1.0000000        
D   1
  1      2.8839060              1.0000000        
D   1
  1      5.9334720              1.0000000        
D   1
  1     12.2549800              1.0000000        
D   1
  1     26.3421000              1.0000000        
D   1
  1     60.3647700              1.0000000        
D   1
  1    155.6931000              1.0000000        
D   1
  1    517.8221000              1.0000000

ZINC
S   1
  1 29917080.0000000            1.0000000        
S   1
  1 4476643.0000000             1.0000000        
S   1
  1 1017976.0000000             1.0000000        
S   1
  1 288174.9000000              1.0000000        
S   1
  1  93987.8500000              1.0000000        
S   1
  1  33928.4600000              1.0000000        
S   1
  1  13234.1200000              1.0000000        
S   1
  1   5490.5690000              1.0000000        
S   1
  1   2396.2280000              1.0000000        
S   1
  1   1091.0360000              1.0000000        
S   1
  1    514.8647000              1.0000000        
S   1
  1    250.5454000              1.0000000        
S   1
  1    125.0976000              1.0000000        
S   1
  1     63.4104300              1.0000000        
S   1
  1     30.5261900              1.0000000        
S   1
  1     15.6624100              1.0000000        
S   1
  1      8.0329980              1.0000000        
S   1
  1      3.7727060              1.0000000        
S   1
  1      1.8141180              1.0000000        
S   1
  1      0.8350250              1.0000000        
S   1
  1      0.1967750              1.0000000        
S   1
  1      0.0858600              1.0000000        
S   1
  1      0.0366980              1.0000000        
P   1
  1  35979.9100000              1.0000000        
P   1
  1   8513.2220000              1.0000000        
P   1
  1   2764.9790000              1.0000000        
P   1
  1   1058.7420000              1.0000000        
P   1
  1    450.2005000              1.0000000        
P   1
  1    205.9238000              1.0000000        
P   1
  1     99.4351100              1.0000000        
P   1
  1     49.8851900              1.0000000        
P   1
  1     25.6845900              1.0000000        
P   1
  1     13.4647400              1.0000000        
P   1
  1      7.0351420              1.0000000        
P   1
  1      3.5973760              1.0000000        
P   1
  1      1.7905270              1.0000000        
P   1
  1      0.8598090              1.0000000        
P   1
  1      0.3574970              1.0000000        
D   1
  1    639.7212000              1.0000000        
D   1
  1    192.6631000              1.0000000        
D   1
  1     74.8429500              1.0000000        
D   1
  1     32.8605200              1.0000000        
D   1
  1     15.3934900              1.0000000        
D   1
  1      7.5255420              1.0000000        
D   1
  1      3.7154170              1.0000000        
D   1
  1      1.8064470              1.0000000        
D   1
  1      0.8529740              1.0000000        
D   1
  1      0.3847640              1.0000000        
D   1
  1      0.1593350              1.0000000


