LITHIUM
S   1
  1 305117.9000000              1.0000000        
S   1
  1  45621.8100000              1.0000000        
S   1
  1  10368.8300000              1.0000000        
S   1
  1   2933.5820000              1.0000000        
S   1
  1    956.0815000              1.0000000        
S   1
  1    344.8592000              1.0000000        
S   1
  1    134.4151000              1.0000000        
S   1
  1     55.7330600              1.0000000        
S   1
  1     24.3126000              1.0000000        
S   1
  1     11.0583500              1.0000000        
S   1
  1      5.1988210              1.0000000        
S   1
  1      2.5107010              1.0000000        
S   1
  1      1.2484700              1.0000000        
S   1
  1      0.6411010              1.0000000        
S   1
  1      0.3297590              1.0000000        
S   1
  1      0.0979570              1.0000000        
S   1
  1      0.0445990              1.0000000        
S   1
  1      0.0204620              1.0000000

BERYLLIUM
S   1
  1 408935.4000000              1.0000000        
S   1
  1  61225.0100000              1.0000000        
S   1
  1  13932.7000000              1.0000000        
S   1
  1   3946.3980000              1.0000000        
S   1
  1   1287.5060000              1.0000000        
S   1
  1    464.8390000              1.0000000        
S   1
  1    181.3289000              1.0000000        
S   1
  1     75.2330800              1.0000000        
S   1
  1     32.8235700              1.0000000        
S   1
  1     14.9123700              1.0000000        
S   1
  1      6.9883130              1.0000000        
S   1
  1      3.3570530              1.0000000        
S   1
  1      1.6470820              1.0000000        
S   1
  1      0.8081290              1.0000000        
S   1
  1      0.3145690              1.0000000        
S   1
  1      0.1486330              1.0000000        
S   1
  1      0.0693120              1.0000000        
S   1
  1      0.0324180              1.0000000

BORON
S   1
  1 653630.4000000              1.0000000        
S   1
  1  97866.5300000              1.0000000        
S   1
  1  22272.7800000              1.0000000        
S   1
  1   6309.4040000              1.0000000        
S   1
  1   2058.7230000              1.0000000        
S   1
  1    743.3892000              1.0000000        
S   1
  1    290.0274000              1.0000000        
S   1
  1    120.3456000              1.0000000        
S   1
  1     52.5151700              1.0000000        
S   1
  1     23.8729400              1.0000000        
S   1
  1     11.2068500              1.0000000        
S   1
  1      5.4025140              1.0000000        
S   1
  1      2.6649150              1.0000000        
S   1
  1      1.3194980              1.0000000        
S   1
  1      0.5530280              1.0000000        
S   1
  1      0.2572380              1.0000000        
S   1
  1      0.1185100              1.0000000        
S   1
  1      0.0543690              1.0000000        
P   1
  1    850.5789000              1.0000000        
P   1
  1    199.8506000              1.0000000        
P   1
  1     64.6504000              1.0000000        
P   1
  1     24.6252300              1.0000000        
P   1
  1     10.3420700              1.0000000        
P   1
  1      4.6081190              1.0000000        
P   1
  1      2.1399670              1.0000000        
P   1
  1      1.0351540              1.0000000        
P   1
  1      0.5153520              1.0000000        
P   1
  1      0.2594840              1.0000000        
P   1
  1      0.1312860              1.0000000        
P   1
  1      0.0664370              1.0000000        
P   1
  1      0.0328320              1.0000000

CARBON
S   1
  1 949028.8000000              1.0000000        
S   1
  1 142083.0000000              1.0000000        
S   1
  1  32332.4700000              1.0000000        
S   1
  1   9158.1170000              1.0000000        
S   1
  1   2987.9090000              1.0000000        
S   1
  1   1078.7880000              1.0000000        
S   1
  1    420.8308000              1.0000000        
S   1
  1    174.6003000              1.0000000        
S   1
  1     76.1829200              1.0000000        
S   1
  1     34.6358800              1.0000000        
S   1
  1     16.2707600              1.0000000        
S   1
  1      7.8554790              1.0000000        
S   1
  1      3.8821720              1.0000000        
S   1
  1      1.9283340              1.0000000        
S   1
  1      0.8358060              1.0000000        
S   1
  1      0.3862910              1.0000000        
S   1
  1      0.1768600              1.0000000        
S   1
  1      0.0802520              1.0000000        
P   1
  1   1147.6190000              1.0000000        
P   1
  1    272.8695000              1.0000000        
P   1
  1     89.0820700              1.0000000        
P   1
  1     34.2494500              1.0000000        
P   1
  1     14.5453200              1.0000000        
P   1
  1      6.5736010              1.0000000        
P   1
  1      3.1076970              1.0000000        
P   1
  1      1.5273900              1.0000000        
P   1
  1      0.7686460              1.0000000        
P   1
  1      0.3895390              1.0000000        
P   1
  1      0.1973240              1.0000000        
P   1
  1      0.0993640              1.0000000        
P   1
  1      0.0485870              1.0000000

NITROGEN
S   1
  1 1296296.0000000             1.0000000        
S   1
  1 194068.6000000              1.0000000        
S   1
  1  44160.5700000              1.0000000        
S   1
  1  12507.7200000              1.0000000        
S   1
  1   4080.4760000              1.0000000        
S   1
  1   1473.1400000              1.0000000        
S   1
  1    574.6066000              1.0000000        
S   1
  1    238.3700000              1.0000000        
S   1
  1    103.9936000              1.0000000        
S   1
  1     47.2794400              1.0000000        
S   1
  1     22.2187100              1.0000000        
S   1
  1     10.7356900              1.0000000        
S   1
  1      5.3088560              1.0000000        
S   1
  1      2.6391770              1.0000000        
S   1
  1      1.1657640              1.0000000        
S   1
  1      0.5370910              1.0000000        
S   1
  1      0.2449040              1.0000000        
S   1
  1      0.1102710              1.0000000        
P   1
  1   1570.2770000              1.0000000        
P   1
  1    373.3040000              1.0000000        
P   1
  1    121.9628000              1.0000000        
P   1
  1     46.9600900              1.0000000        
P   1
  1     19.9932300              1.0000000        
P   1
  1      9.0761430              1.0000000        
P   1
  1      4.3180220              1.0000000        
P   1
  1      2.1331790              1.0000000        
P   1
  1      1.0763170              1.0000000        
P   1
  1      0.5456640              1.0000000        
P   1
  1      0.2756780              1.0000000        
P   1
  1      0.1379260              1.0000000        
P   1
  1      0.0667450              1.0000000

OXYGEN
S   1
  1 1678789.0000000             1.0000000        
S   1
  1 251388.2000000              1.0000000        
S   1
  1  57213.7300000              1.0000000        
S   1
  1  16207.4400000              1.0000000        
S   1
  1   5288.2760000              1.0000000        
S   1
  1   1909.4780000              1.0000000        
S   1
  1    744.9231000              1.0000000        
S   1
  1    309.0755000              1.0000000        
S   1
  1    134.8645000              1.0000000        
S   1
  1     61.3312900              1.0000000        
S   1
  1     28.8379600              1.0000000        
S   1
  1     13.9450400              1.0000000        
S   1
  1      6.8990770              1.0000000        
S   1
  1      3.4315770              1.0000000        
S   1
  1      1.5398400              1.0000000        
S   1
  1      0.7097510              1.0000000        
S   1
  1      0.3230470              1.0000000        
S   1
  1      0.1442220              1.0000000        
P   1
  1   2113.5130000              1.0000000        
P   1
  1    500.2799000              1.0000000        
P   1
  1    162.5448000              1.0000000        
P   1
  1     62.2134300              1.0000000        
P   1
  1     26.3401400              1.0000000        
P   1
  1     11.9057400              1.0000000        
P   1
  1      5.6475940              1.0000000        
P   1
  1      2.7782140              1.0000000        
P   1
  1      1.3901900              1.0000000        
P   1
  1      0.6952810              1.0000000        
P   1
  1      0.3446420              1.0000000        
P   1
  1      0.1685380              1.0000000        
P   1
  1      0.0795510              1.0000000

FLUORINE
S   1
  1 2115112.0000000             1.0000000        
S   1
  1 316699.7000000              1.0000000        
S   1
  1  72075.7100000              1.0000000        
S   1
  1  20416.8300000              1.0000000        
S   1
  1   6661.4580000              1.0000000        
S   1
  1   2405.1880000              1.0000000        
S   1
  1    938.2595000              1.0000000        
S   1
  1    389.2710000              1.0000000        
S   1
  1    169.8499000              1.0000000        
S   1
  1     77.2436700              1.0000000        
S   1
  1     36.3287400              1.0000000        
S   1
  1     17.5738700              1.0000000        
S   1
  1      8.6935300              1.0000000        
S   1
  1      4.3217690              1.0000000        
S   1
  1      1.9595200              1.0000000        
S   1
  1      0.9031850              1.0000000        
S   1
  1      0.4104050              1.0000000        
S   1
  1      0.1820240              1.0000000        
P   1
  1   2641.1330000              1.0000000        
P   1
  1    625.1424000              1.0000000        
P   1
  1    203.1062000              1.0000000        
P   1
  1     77.7385500              1.0000000        
P   1
  1     32.9239700              1.0000000        
P   1
  1     14.9007100              1.0000000        
P   1
  1      7.0827320              1.0000000        
P   1
  1      3.4863510              1.0000000        
P   1
  1      1.7409700              1.0000000        
P   1
  1      0.8665020              1.0000000        
P   1
  1      0.4260990              1.0000000        
P   1
  1      0.2060970              1.0000000        
P   1
  1      0.0959820              1.0000000

NEON
S   1
  1 2598845.0000000             1.0000000        
S   1
  1 389291.2000000              1.0000000        
S   1
  1  88614.7800000              1.0000000        
S   1
  1  25103.5900000              1.0000000        
S   1
  1   8190.9100000              1.0000000        
S   1
  1   2957.4970000              1.0000000        
S   1
  1   1153.7430000              1.0000000        
S   1
  1    478.6800000              1.0000000        
S   1
  1    208.8645000              1.0000000        
S   1
  1     94.9932400              1.0000000        
S   1
  1     44.6868100              1.0000000        
S   1
  1     21.6232800              1.0000000        
S   1
  1     10.6944200              1.0000000        
S   1
  1      5.3116980              1.0000000        
S   1
  1      2.4260420              1.0000000        
S   1
  1      1.1181120              1.0000000        
S   1
  1      0.5073780              1.0000000        
S   1
  1      0.2239600              1.0000000        
P   1
  1   3257.3130000              1.0000000        
P   1
  1    771.0460000              1.0000000        
P   1
  1    250.5331000              1.0000000        
P   1
  1     95.9037300              1.0000000        
P   1
  1     40.6334800              1.0000000        
P   1
  1     18.4094900              1.0000000        
P   1
  1      8.7624680              1.0000000        
P   1
  1      4.3143110              1.0000000        
P   1
  1      2.1515010              1.0000000        
P   1
  1      1.0676350              1.0000000        
P   1
  1      0.5224000              1.0000000        
P   1
  1      0.2508430              1.0000000        
P   1
  1      0.1157080              1.0000000

SODIUM
S   1
  1 2185572.0000000             1.0000000        
S   1
  1 327228.4000000              1.0000000        
S   1
  1  74466.8400000              1.0000000        
S   1
  1  21093.1500000              1.0000000        
S   1
  1   6881.8980000              1.0000000        
S   1
  1   2484.6960000              1.0000000        
S   1
  1    969.2232000              1.0000000        
S   1
  1    402.0643000              1.0000000        
S   1
  1    175.3545000              1.0000000        
S   1
  1     79.6519900              1.0000000        
S   1
  1     37.3867200              1.0000000        
S   1
  1     18.0019400              1.0000000        
S   1
  1      8.7243710              1.0000000        
S   1
  1      3.8577150              1.0000000        
S   1
  1      1.8156860              1.0000000        
S   1
  1      0.8382540              1.0000000        
S   1
  1      0.3819350              1.0000000        
S   1
  1      0.0716790              1.0000000        
S   1
  1      0.0339160              1.0000000        
S   1
  1      0.0165250              1.0000000        
P   1
  1   2749.9710000              1.0000000        
P   1
  1    651.1238000              1.0000000        
P   1
  1    211.5177000              1.0000000        
P   1
  1     80.8405800              1.0000000        
P   1
  1     34.1134500              1.0000000        
P   1
  1     15.3861300              1.0000000        
P   1
  1      7.2804230              1.0000000        
P   1
  1      3.5319830              1.0000000        
P   1
  1      1.7185690              1.0000000        
P   1
  1      0.8299350              1.0000000        
P   1
  1      0.3935540              1.0000000        
P   1
  1      0.1697170              1.0000000

MAGNESIUM
S   1
  1 2967534.0000000             1.0000000        
S   1
  1 444290.4000000              1.0000000        
S   1
  1 101102.7000000              1.0000000        
S   1
  1  28637.0100000              1.0000000        
S   1
  1   9342.9750000              1.0000000        
S   1
  1   3373.2030000              1.0000000        
S   1
  1   1315.7830000              1.0000000        
S   1
  1    545.8194000              1.0000000        
S   1
  1    238.0693000              1.0000000        
S   1
  1    108.1768000              1.0000000        
S   1
  1     50.8019100              1.0000000        
S   1
  1     24.4832100              1.0000000        
S   1
  1     11.9253700              1.0000000        
S   1
  1      5.5434420              1.0000000        
S   1
  1      2.6746660              1.0000000        
S   1
  1      1.2632400              1.0000000        
S   1
  1      0.5883180              1.0000000        
S   1
  1      0.1496160              1.0000000        
S   1
  1      0.0670050              1.0000000        
S   1
  1      0.0295150              1.0000000        
P   1
  1   3477.8560000              1.0000000        
P   1
  1    823.3565000              1.0000000        
P   1
  1    267.4546000              1.0000000        
P   1
  1    102.2553000              1.0000000        
P   1
  1     43.2047000              1.0000000        
P   1
  1     19.5264300              1.0000000        
P   1
  1      9.2640260              1.0000000        
P   1
  1      4.5121920              1.0000000        
P   1
  1      2.2106830              1.0000000        
P   1
  1      1.0799930              1.0000000        
P   1
  1      0.5158100              1.0000000        
P   1
  1      0.2086790              1.0000000

ALUMINUM
S   1
  1 3626225.0000000             1.0000000        
S   1
  1 542853.7000000              1.0000000        
S   1
  1 123528.5000000              1.0000000        
S   1
  1  34989.1800000              1.0000000        
S   1
  1  11415.5100000              1.0000000        
S   1
  1   4121.5290000              1.0000000        
S   1
  1   1607.7110000              1.0000000        
S   1
  1    666.9412000              1.0000000        
S   1
  1    290.9281000              1.0000000        
S   1
  1    132.2357000              1.0000000        
S   1
  1     62.1410300              1.0000000        
S   1
  1     29.9842200              1.0000000        
S   1
  1     14.6488100              1.0000000        
S   1
  1      6.9010220              1.0000000        
S   1
  1      3.3702890              1.0000000        
S   1
  1      1.6269730              1.0000000        
S   1
  1      0.7809970              1.0000000        
S   1
  1      0.2427150              1.0000000        
S   1
  1      0.1082300              1.0000000        
S   1
  1      0.0465060              1.0000000        
P   1
  1   4692.2880000              1.0000000        
P   1
  1   1110.7260000              1.0000000        
P   1
  1    360.8181000              1.0000000        
P   1
  1    138.0415000              1.0000000        
P   1
  1     58.4420200              1.0000000        
P   1
  1     26.4916700              1.0000000        
P   1
  1     12.6228700              1.0000000        
P   1
  1      6.1961350              1.0000000        
P   1
  1      3.0729540              1.0000000        
P   1
  1      1.5281750              1.0000000        
P   1
  1      0.7498640              1.0000000        
P   1
  1      0.3288720              1.0000000        
P   1
  1      0.1460600              1.0000000        
P   1
  1      0.0644450              1.0000000        
P   1
  1      0.0280990              1.0000000

SILICON
S   1
  1 4200908.0000000             1.0000000        
S   1
  1 628873.4000000              1.0000000        
S   1
  1 143100.2000000              1.0000000        
S   1
  1  40532.2400000              1.0000000        
S   1
  1  13223.8700000              1.0000000        
S   1
  1   4774.4160000              1.0000000        
S   1
  1   1862.3860000              1.0000000        
S   1
  1    772.5934000              1.0000000        
S   1
  1    337.0235000              1.0000000        
S   1
  1    153.2040000              1.0000000        
S   1
  1     72.0152600              1.0000000        
S   1
  1     34.7636600              1.0000000        
S   1
  1     16.9874700              1.0000000        
S   1
  1      7.9731550              1.0000000        
S   1
  1      3.9284690              1.0000000        
S   1
  1      1.9323920              1.0000000        
S   1
  1      0.9539360              1.0000000        
S   1
  1      0.3407510              1.0000000        
S   1
  1      0.1506280              1.0000000        
S   1
  1      0.0644930              1.0000000        
P   1
  1   5816.7110000              1.0000000        
P   1
  1   1376.8910000              1.0000000        
P   1
  1    447.2925000              1.0000000        
P   1
  1    171.1692000              1.0000000        
P   1
  1     72.5370300              1.0000000        
P   1
  1     32.9364400              1.0000000        
P   1
  1     15.7318000              1.0000000        
P   1
  1      7.7541840              1.0000000        
P   1
  1      3.8730140              1.0000000        
P   1
  1      1.9483560              1.0000000        
P   1
  1      0.9718860              1.0000000        
P   1
  1      0.4408600              1.0000000        
P   1
  1      0.2017280              1.0000000        
P   1
  1      0.0914150              1.0000000        
P   1
  1      0.0404750              1.0000000

PHOSPHORUS
S   1
  1 4754316.0000000             1.0000000        
S   1
  1 711807.5000000              1.0000000        
S   1
  1 161983.4000000              1.0000000        
S   1
  1  45882.3800000              1.0000000        
S   1
  1  14969.6000000              1.0000000        
S   1
  1   5404.7230000              1.0000000        
S   1
  1   2108.2500000              1.0000000        
S   1
  1    874.5838000              1.0000000        
S   1
  1    381.5145000              1.0000000        
S   1
  1    173.4360000              1.0000000        
S   1
  1     81.5378200              1.0000000        
S   1
  1     39.3666400              1.0000000        
S   1
  1     19.2262700              1.0000000        
S   1
  1      8.9519890              1.0000000        
S   1
  1      4.4228540              1.0000000        
S   1
  1      2.1964860              1.0000000        
S   1
  1      1.1010120              1.0000000        
S   1
  1      0.4378320              1.0000000        
S   1
  1      0.1931120              1.0000000        
S   1
  1      0.0831460              1.0000000        
P   1
  1   6965.4400000              1.0000000        
P   1
  1   1648.8160000              1.0000000        
P   1
  1    535.6371000              1.0000000        
P   1
  1    205.0095000              1.0000000        
P   1
  1     86.9316800              1.0000000        
P   1
  1     39.5188800              1.0000000        
P   1
  1     18.9075500              1.0000000        
P   1
  1      9.3449970              1.0000000        
P   1
  1      4.6906070              1.0000000        
P   1
  1      2.3797950              1.0000000        
P   1
  1      1.2023730              1.0000000        
P   1
  1      0.5633740              1.0000000        
P   1
  1      0.2630370              1.0000000        
P   1
  1      0.1210930              1.0000000        
P   1
  1      0.0540910              1.0000000

SULFUR
S   1
  1 5352410.0000000             1.0000000        
S   1
  1 801328.7000000              1.0000000        
S   1
  1 182353.0000000              1.0000000        
S   1
  1  51652.5500000              1.0000000        
S   1
  1  16852.4900000              1.0000000        
S   1
  1   6084.6730000              1.0000000        
S   1
  1   2373.5370000              1.0000000        
S   1
  1    984.6539000              1.0000000        
S   1
  1    429.5383000              1.0000000        
S   1
  1    195.2779000              1.0000000        
S   1
  1     91.8200900              1.0000000        
S   1
  1     44.3390400              1.0000000        
S   1
  1     21.6503500              1.0000000        
S   1
  1     10.0278500              1.0000000        
S   1
  1      4.9546370              1.0000000        
S   1
  1      2.4657730              1.0000000        
S   1
  1      1.2340090              1.0000000        
S   1
  1      0.5315350              1.0000000        
S   1
  1      0.2354830              1.0000000        
S   1
  1      0.1016530              1.0000000        
P   1
  1   7777.4600000              1.0000000        
P   1
  1   1840.9320000              1.0000000        
P   1
  1    598.0113000              1.0000000        
P   1
  1    228.8665000              1.0000000        
P   1
  1     97.0471100              1.0000000        
P   1
  1     44.1279300              1.0000000        
P   1
  1     21.1182800              1.0000000        
P   1
  1     10.4362800              1.0000000        
P   1
  1      5.2425910              1.0000000        
P   1
  1      2.6680140              1.0000000        
P   1
  1      1.3540990              1.0000000        
P   1
  1      0.6522040              1.0000000        
P   1
  1      0.3056850              1.0000000        
P   1
  1      0.1400510              1.0000000        
P   1
  1      0.0620630              1.0000000

CHLORINE
S   1
  1 6086151.0000000             1.0000000        
S   1
  1 911229.3000000              1.0000000        
S   1
  1 207369.9000000              1.0000000        
S   1
  1  58739.9800000              1.0000000        
S   1
  1  19165.1600000              1.0000000        
S   1
  1   6919.7450000              1.0000000        
S   1
  1   2699.3050000              1.0000000        
S   1
  1   1119.8060000              1.0000000        
S   1
  1    488.5057000              1.0000000        
S   1
  1    222.1023000              1.0000000        
S   1
  1    104.4514000              1.0000000        
S   1
  1     50.4526500              1.0000000        
S   1
  1     24.6491400              1.0000000        
S   1
  1     11.4394600              1.0000000        
S   1
  1      5.6635500              1.0000000        
S   1
  1      2.8241830              1.0000000        
S   1
  1      1.4054980              1.0000000        
S   1
  1      0.6311790              1.0000000        
S   1
  1      0.2812580              1.0000000        
S   1
  1      0.1218330              1.0000000        
P   1
  1   8796.8190000              1.0000000        
P   1
  1   2082.1820000              1.0000000        
P   1
  1    676.3623000              1.0000000        
P   1
  1    258.8527000              1.0000000        
P   1
  1    109.7799000              1.0000000        
P   1
  1     49.9394500              1.0000000        
P   1
  1     23.9125000              1.0000000        
P   1
  1     11.8230100              1.0000000        
P   1
  1      5.9466500              1.0000000        
P   1
  1      3.0316940              1.0000000        
P   1
  1      1.5379540              1.0000000        
P   1
  1      0.7532070              1.0000000        
P   1
  1      0.3561030              1.0000000        
P   1
  1      0.1639070              1.0000000        
P   1
  1      0.0727210              1.0000000

ARGON
S   1
  1 6928373.0000000             1.0000000        
S   1
  1 1037230.0000000             1.0000000        
S   1
  1 236034.7000000              1.0000000        
S   1
  1  66858.4400000              1.0000000        
S   1
  1  21813.6900000              1.0000000        
S   1
  1   7875.9300000              1.0000000        
S   1
  1   3072.2630000              1.0000000        
S   1
  1   1274.5120000              1.0000000        
S   1
  1    555.9950000              1.0000000        
S   1
  1    252.8011000              1.0000000        
S   1
  1    118.9069000              1.0000000        
S   1
  1     57.4506500              1.0000000        
S   1
  1     28.0900800              1.0000000        
S   1
  1     13.0979400              1.0000000        
S   1
  1      6.5044220              1.0000000        
S   1
  1      3.2532260              1.0000000        
S   1
  1      1.6151790              1.0000000        
S   1
  1      0.7404010              1.0000000        
S   1
  1      0.3315070              1.0000000        
S   1
  1      0.1440300              1.0000000        
P   1
  1  10010.9500000              1.0000000        
P   1
  1   2369.5560000              1.0000000        
P   1
  1    769.7255000              1.0000000        
P   1
  1    294.6100000              1.0000000        
P   1
  1    124.9840000              1.0000000        
P   1
  1     56.8916900              1.0000000        
P   1
  1     27.2649400              1.0000000        
P   1
  1     13.4967600              1.0000000        
P   1
  1      6.8031790              1.0000000        
P   1
  1      3.4775980              1.0000000        
P   1
  1      1.7649750              1.0000000        
P   1
  1      0.8721890              1.0000000        
P   1
  1      0.4154280              1.0000000        
P   1
  1      0.1923030              1.0000000        
P   1
  1      0.0855670              1.0000000

POTASSIUM
S   1
  1 25145540.0000000            1.0000000        
S   1
  1 3755894.0000000             1.0000000        
S   1
  1 852950.7000000              1.0000000        
S   1
  1 241121.6000000              1.0000000        
S   1
  1  78511.1600000              1.0000000        
S   1
  1  28292.5100000              1.0000000        
S   1
  1  11017.8300000              1.0000000        
S   1
  1   4564.4140000              1.0000000        
S   1
  1   1989.5260000              1.0000000        
S   1
  1    904.9896000              1.0000000        
S   1
  1    426.8215000              1.0000000        
S   1
  1    207.5566000              1.0000000        
S   1
  1    103.5820000              1.0000000        
S   1
  1     52.7671700              1.0000000        
S   1
  1     27.0766900              1.0000000        
S   1
  1     13.2498900              1.0000000        
S   1
  1      6.8114420              1.0000000        
S   1
  1      3.5428580              1.0000000        
S   1
  1      1.8200140              1.0000000        
S   1
  1      0.8954630              1.0000000        
S   1
  1      0.4337500              1.0000000        
S   1
  1      0.2067920              1.0000000        
S   1
  1      0.0436990              1.0000000        
S   1
  1      0.0218390              1.0000000        
S   1
  1      0.0112590              1.0000000        
P   1
  1  17375.3100000              1.0000000        
P   1
  1   4109.4390000              1.0000000        
P   1
  1   1334.3630000              1.0000000        
P   1
  1    510.9001000              1.0000000        
P   1
  1    217.2493000              1.0000000        
P   1
  1     99.3056200              1.0000000        
P   1
  1     47.8783100              1.0000000        
P   1
  1     24.0061200              1.0000000        
P   1
  1     12.3218700              1.0000000        
P   1
  1      6.4274280              1.0000000        
P   1
  1      3.3846750              1.0000000        
P   1
  1      1.7531060              1.0000000        
P   1
  1      0.8891290              1.0000000        
P   1
  1      0.4410140              1.0000000        
P   1
  1      0.2140050              1.0000000        
P   1
  1      0.0924910              1.0000000

CALCIUM
S   1
  1 12937860.0000000            1.0000000        
S   1
  1 1929970.0000000             1.0000000        
S   1
  1 436987.2000000              1.0000000        
S   1
  1 123202.1000000              1.0000000        
S   1
  1  40067.3900000              1.0000000        
S   1
  1  14439.2000000              1.0000000        
S   1
  1   5626.6750000              1.0000000        
S   1
  1   2332.8260000              1.0000000        
S   1
  1   1017.3910000              1.0000000        
S   1
  1    462.7811000              1.0000000        
S   1
  1    218.0470000              1.0000000        
S   1
  1    105.8595000              1.0000000        
S   1
  1     52.6634400              1.0000000        
S   1
  1     26.4941100              1.0000000        
S   1
  1     12.5101900              1.0000000        
S   1
  1      6.2671810              1.0000000        
S   1
  1      3.1573510              1.0000000        
S   1
  1      1.4320540              1.0000000        
S   1
  1      0.6939050              1.0000000        
S   1
  1      0.3258990              1.0000000        
S   1
  1      0.0827260              1.0000000        
S   1
  1      0.0410270              1.0000000        
S   1
  1      0.0196170              1.0000000        
P   1
  1 406353.1000000              1.0000000        
P   1
  1  13600.7200000              1.0000000        
P   1
  1   3235.4720000              1.0000000        
P   1
  1   1053.0530000              1.0000000        
P   1
  1    403.5688000              1.0000000        
P   1
  1    171.4896000              1.0000000        
P   1
  1     78.2362700              1.0000000        
P   1
  1     37.6065200              1.0000000        
P   1
  1     18.7090400              1.0000000        
P   1
  1      9.5004140              1.0000000        
P   1
  1      4.9055670              1.0000000        
P   1
  1      2.5267010              1.0000000        
P   1
  1      1.2713850              1.0000000        
P   1
  1      0.6260090              1.0000000        
P   1
  1      0.3009940              1.0000000        
P   1
  1      0.1240860              1.0000000

SCANDIUM
S   1
  1 13927590.0000000            1.0000000        
S   1
  1 2086917.0000000             1.0000000        
S   1
  1 475144.6000000              1.0000000        
S   1
  1 134641.3000000              1.0000000        
S   1
  1  43943.3800000              1.0000000        
S   1
  1  15869.9700000              1.0000000        
S   1
  1   6192.0560000              1.0000000        
S   1
  1   2569.4390000              1.0000000        
S   1
  1   1121.4760000              1.0000000        
S   1
  1    510.6065000              1.0000000        
S   1
  1    240.8825000              1.0000000        
S   1
  1    117.1282000              1.0000000        
S   1
  1     58.3733900              1.0000000        
S   1
  1     29.4380800              1.0000000        
S   1
  1     14.0454600              1.0000000        
S   1
  1      7.0800770              1.0000000        
S   1
  1      3.5858720              1.0000000        
S   1
  1      1.6417160              1.0000000        
S   1
  1      0.7988950              1.0000000        
S   1
  1      0.3753940              1.0000000        
S   1
  1      0.0978420              1.0000000        
S   1
  1      0.0476940              1.0000000        
S   1
  1      0.0222310              1.0000000        
P   1
  1  27510.3100000              1.0000000        
P   1
  1   6301.3180000              1.0000000        
P   1
  1   2000.0000000              1.0000000        
P   1
  1    752.6106000              1.0000000        
P   1
  1    315.7498000              1.0000000        
P   1
  1    142.8340000              1.0000000        
P   1
  1     68.2976300              1.0000000        
P   1
  1     34.0522300              1.0000000        
P   1
  1     17.4351100              1.0000000        
P   1
  1      9.0902000              1.0000000        
P   1
  1      4.7983400              1.0000000        
P   1
  1      2.5066100              1.0000000        
P   1
  1      1.2830890              1.0000000        
P   1
  1      0.6453510              1.0000000        
P   1
  1      0.3147680              1.0000000        
P   1
  1      0.1270800              1.0000000        
D   1
  1     73.6135800              1.0000000        
D   1
  1     21.7894100              1.0000000        
D   1
  1      7.9328860              1.0000000        
D   1
  1      3.1888610              1.0000000        
D   1
  1      1.3447130              1.0000000        
D   1
  1      0.5624040              1.0000000        
D   1
  1      0.2280190              1.0000000        
D   1
  1      0.0853090              1.0000000

TITANIUM
S   1
  1 15697450.0000000            1.0000000        
S   1
  1 2350021.0000000             1.0000000        
S   1
  1 534780.9000000              1.0000000        
S   1
  1 151482.2000000              1.0000000        
S   1
  1  49424.5900000              1.0000000        
S   1
  1  17845.5600000              1.0000000        
S   1
  1   6961.7060000              1.0000000        
S   1
  1   2888.4680000              1.0000000        
S   1
  1   1260.6230000              1.0000000        
S   1
  1    573.9151000              1.0000000        
S   1
  1    270.7213000              1.0000000        
S   1
  1    131.6256000              1.0000000        
S   1
  1     65.6085200              1.0000000        
S   1
  1     33.1011900              1.0000000        
S   1
  1     15.7037400              1.0000000        
S   1
  1      7.9354850              1.0000000        
S   1
  1      4.0261850              1.0000000        
S   1
  1      1.8546340              1.0000000        
S   1
  1      0.9009600              1.0000000        
S   1
  1      0.4218510              1.0000000        
S   1
  1      0.1086180              1.0000000        
S   1
  1      0.0520830              1.0000000        
S   1
  1      0.0239620              1.0000000        
P   1
  1  25537.3300000              1.0000000        
P   1
  1   6042.2430000              1.0000000        
P   1
  1   1962.6530000              1.0000000        
P   1
  1    751.7338000              1.0000000        
P   1
  1    319.8833000              1.0000000        
P   1
  1    146.4300000              1.0000000        
P   1
  1     70.7486100              1.0000000        
P   1
  1     35.5908800              1.0000000        
P   1
  1     18.3689300              1.0000000        
P   1
  1      9.6586550              1.0000000        
P   1
  1      5.1367300              1.0000000        
P   1
  1      2.6988720              1.0000000        
P   1
  1      1.3897030              1.0000000        
P   1
  1      0.7031630              1.0000000        
P   1
  1      0.3441230              1.0000000        
P   1
  1      0.1378320              1.0000000        
D   1
  1     89.6253500              1.0000000        
D   1
  1     26.6010800              1.0000000        
D   1
  1      9.7776280              1.0000000        
D   1
  1      3.9646590              1.0000000        
D   1
  1      1.6904130              1.0000000        
D   1
  1      0.7160900              1.0000000        
D   1
  1      0.2939220              1.0000000        
D   1
  1      0.1108270              1.0000000

VANADIUM
S   1
  1 17228890.0000000            1.0000000        
S   1
  1 2579749.0000000             1.0000000        
S   1
  1 587081.5000000              1.0000000        
S   1
  1 166293.3000000              1.0000000        
S   1
  1  54256.9100000              1.0000000        
S   1
  1  19591.1000000              1.0000000        
S   1
  1   7643.1650000              1.0000000        
S   1
  1   3171.4540000              1.0000000        
S   1
  1   1384.2350000              1.0000000        
S   1
  1    630.2472000              1.0000000        
S   1
  1    297.3331000              1.0000000        
S   1
  1    144.5935000              1.0000000        
S   1
  1     72.0961600              1.0000000        
S   1
  1     36.4022600              1.0000000        
S   1
  1     17.3074200              1.0000000        
S   1
  1      8.7727730              1.0000000        
S   1
  1      4.4620890              1.0000000        
S   1
  1      2.0652240              1.0000000        
S   1
  1      1.0017650              1.0000000        
S   1
  1      0.4678570              1.0000000        
S   1
  1      0.1188420              1.0000000        
S   1
  1      0.0561260              1.0000000        
S   1
  1      0.0255420              1.0000000        
P   1
  1  28563.3200000              1.0000000        
P   1
  1   6757.1910000              1.0000000        
P   1
  1   2194.6520000              1.0000000        
P   1
  1    840.5257000              1.0000000        
P   1
  1    357.6666000              1.0000000        
P   1
  1    163.7534000              1.0000000        
P   1
  1     79.1446600              1.0000000        
P   1
  1     39.8385800              1.0000000        
P   1
  1     20.5853600              1.0000000        
P   1
  1     10.8430700              1.0000000        
P   1
  1      5.7779690              1.0000000        
P   1
  1      3.0431700              1.0000000        
P   1
  1      1.5702390              1.0000000        
P   1
  1      0.7949750              1.0000000        
P   1
  1      0.3889800              1.0000000        
P   1
  1      0.1564640              1.0000000        
D   1
  1    104.0286000              1.0000000        
D   1
  1     30.9268800              1.0000000        
D   1
  1     11.4307200              1.0000000        
D   1
  1      4.6617630              1.0000000        
D   1
  1      1.9983200              1.0000000        
D   1
  1      0.8504400              1.0000000        
D   1
  1      0.3497640              1.0000000        
D   1
  1      0.1316710              1.0000000

CHROMIUM
S   1
  1 18273400.0000000            1.0000000        
S   1
  1 2736169.0000000             1.0000000        
S   1
  1 622721.5000000              1.0000000        
S   1
  1 176403.1000000              1.0000000        
S   1
  1  57557.1200000              1.0000000        
S   1
  1  20782.0500000              1.0000000        
S   1
  1   8107.2140000              1.0000000        
S   1
  1   3363.6970000              1.0000000        
S   1
  1   1467.9890000              1.0000000        
S   1
  1    668.3000000              1.0000000        
S   1
  1    315.2450000              1.0000000        
S   1
  1    153.2895000              1.0000000        
S   1
  1     76.4313000              1.0000000        
S   1
  1     38.6244500              1.0000000        
S   1
  1     18.4522900              1.0000000        
S   1
  1      9.3682850              1.0000000        
S   1
  1      4.7709900              1.0000000        
S   1
  1      2.1955980              1.0000000        
S   1
  1      1.0522080              1.0000000        
S   1
  1      0.4815670              1.0000000        
S   1
  1      0.1174470              1.0000000        
S   1
  1      0.0559040              1.0000000        
S   1
  1      0.0252330              1.0000000        
P   1
  1  21337.7900000              1.0000000        
P   1
  1   5049.4980000              1.0000000        
P   1
  1   1640.1310000              1.0000000        
P   1
  1    627.9602000              1.0000000        
P   1
  1    266.8501000              1.0000000        
P   1
  1    121.8754000              1.0000000        
P   1
  1     58.7085600              1.0000000        
P   1
  1     29.3272500              1.0000000        
P   1
  1     14.9964900              1.0000000        
P   1
  1      7.8050300              1.0000000        
P   1
  1      4.0493280              1.0000000        
P   1
  1      2.0563890              1.0000000        
P   1
  1      1.0157240              1.0000000        
P   1
  1      0.4844630              1.0000000        
P   1
  1      0.2035720              1.0000000        
D   1
  1    317.6249000              1.0000000        
D   1
  1     95.2146500              1.0000000        
D   1
  1     36.7953200              1.0000000        
D   1
  1     15.9388600              1.0000000        
D   1
  1      7.3309550              1.0000000        
D   1
  1      3.5220990              1.0000000        
D   1
  1      1.7073720              1.0000000        
D   1
  1      0.8147770              1.0000000        
D   1
  1      0.3775320              1.0000000        
D   1
  1      0.1678180              1.0000000        
D   1
  1      0.0699560              1.0000000

MANGANESE
S   1
  1 20494330.0000000            1.0000000        
S   1
  1 3068261.0000000             1.0000000        
S   1
  1 698199.6000000              1.0000000        
S   1
  1 197762.5000000              1.0000000        
S   1
  1  64522.8300000              1.0000000        
S   1
  1  23296.8400000              1.0000000        
S   1
  1   9088.3160000              1.0000000        
S   1
  1   3770.8310000              1.0000000        
S   1
  1   1645.7300000              1.0000000        
S   1
  1    749.2773000              1.0000000        
S   1
  1    353.5033000              1.0000000        
S   1
  1    171.9383000              1.0000000        
S   1
  1     85.7660400              1.0000000        
S   1
  1     43.3589300              1.0000000        
S   1
  1     20.6950300              1.0000000        
S   1
  1     10.5385400              1.0000000        
S   1
  1      5.3783990              1.0000000        
S   1
  1      2.5040180              1.0000000        
S   1
  1      1.2097670              1.0000000        
S   1
  1      0.5618840              1.0000000        
S   1
  1      0.1379880              1.0000000        
S   1
  1      0.0636060              1.0000000        
S   1
  1      0.0284420              1.0000000        
P   1
  1  35002.4600000              1.0000000        
P   1
  1   8281.6630000              1.0000000        
P   1
  1   2690.0150000              1.0000000        
P   1
  1   1030.3250000              1.0000000        
P   1
  1    438.5246000              1.0000000        
P   1
  1    200.8793000              1.0000000        
P   1
  1     97.1700000              1.0000000        
P   1
  1     48.9755000              1.0000000        
P   1
  1     25.3633200              1.0000000        
P   1
  1     13.4014500              1.0000000        
P   1
  1      7.1645600              1.0000000        
P   1
  1      3.7878590              1.0000000        
P   1
  1      1.9603500              1.0000000        
P   1
  1      0.9928560              1.0000000        
P   1
  1      0.4854840              1.0000000        
P   1
  1      0.1972410              1.0000000        
D   1
  1    133.6941000              1.0000000        
D   1
  1     39.8351100              1.0000000        
D   1
  1     14.8335500              1.0000000        
D   1
  1      6.1003410              1.0000000        
D   1
  1      2.6324000              1.0000000        
D   1
  1      1.1254840              1.0000000        
D   1
  1      0.4629440              1.0000000        
D   1
  1      0.1734490              1.0000000

IRON
S   1
  1 22200400.0000000            1.0000000        
S   1
  1 3325132.0000000             1.0000000        
S   1
  1 756943.4000000              1.0000000        
S   1
  1 214470.4000000              1.0000000        
S   1
  1  69992.6200000              1.0000000        
S   1
  1  25277.4300000              1.0000000        
S   1
  1   9862.8390000              1.0000000        
S   1
  1   4092.8820000              1.0000000        
S   1
  1   1786.5710000              1.0000000        
S   1
  1    813.5370000              1.0000000        
S   1
  1    383.8988000              1.0000000        
S   1
  1    186.7722000              1.0000000        
S   1
  1     93.2030700              1.0000000        
S   1
  1     47.1554300              1.0000000        
S   1
  1     22.5407100              1.0000000        
S   1
  1     11.5027100              1.0000000        
S   1
  1      5.8794570              1.0000000        
S   1
  1      2.7447730              1.0000000        
S   1
  1      1.3258470              1.0000000        
S   1
  1      0.6149610              1.0000000        
S   1
  1      0.1506190              1.0000000        
S   1
  1      0.0685020              1.0000000        
S   1
  1      0.0302770              1.0000000        
P   1
  1  38282.0500000              1.0000000        
P   1
  1   9061.5560000              1.0000000        
P   1
  1   2944.4500000              1.0000000        
P   1
  1   1128.1580000              1.0000000        
P   1
  1    480.3380000              1.0000000        
P   1
  1    220.1368000              1.0000000        
P   1
  1    106.5482000              1.0000000        
P   1
  1     53.7426200              1.0000000        
P   1
  1     27.8631800              1.0000000        
P   1
  1     14.7438200              1.0000000        
P   1
  1      7.8933510              1.0000000        
P   1
  1      4.1794970              1.0000000        
P   1
  1      2.1656690              1.0000000        
P   1
  1      1.0972400              1.0000000        
P   1
  1      0.5360850              1.0000000        
P   1
  1      0.2176040              1.0000000        
D   1
  1    145.7437000              1.0000000        
D   1
  1     43.4526800              1.0000000        
D   1
  1     16.2017900              1.0000000        
D   1
  1      6.6777600              1.0000000        
D   1
  1      2.8788930              1.0000000        
D   1
  1      1.2248270              1.0000000        
D   1
  1      0.4987280              1.0000000        
D   1
  1      0.1842680              1.0000000

COBALT
S   1
  1 24075750.0000000            1.0000000        
S   1
  1 3604823.0000000             1.0000000        
S   1
  1 820360.6000000              1.0000000        
S   1
  1 232379.2000000              1.0000000        
S   1
  1  75821.4100000              1.0000000        
S   1
  1  27377.7300000              1.0000000        
S   1
  1  10680.7600000              1.0000000        
S   1
  1   4431.7160000              1.0000000        
S   1
  1   1934.2330000              1.0000000        
S   1
  1    880.6771000              1.0000000        
S   1
  1    415.5464000              1.0000000        
S   1
  1    202.1596000              1.0000000        
S   1
  1    100.8837000              1.0000000        
S   1
  1     51.0585300              1.0000000        
S   1
  1     24.4513700              1.0000000        
S   1
  1     12.4971600              1.0000000        
S   1
  1      6.3943160              1.0000000        
S   1
  1      2.9918150              1.0000000        
S   1
  1      1.4436700              1.0000000        
S   1
  1      0.6683340              1.0000000        
S   1
  1      0.1624500              1.0000000        
S   1
  1      0.0730730              1.0000000        
S   1
  1      0.0319850              1.0000000        
P   1
  1  41961.4000000              1.0000000        
P   1
  1   9928.3060000              1.0000000        
P   1
  1   3224.9710000              1.0000000        
P   1
  1   1235.2930000              1.0000000        
P   1
  1    525.8469000              1.0000000        
P   1
  1    240.9762000              1.0000000        
P   1
  1    116.6418000              1.0000000        
P   1
  1     58.8483400              1.0000000        
P   1
  1     30.5291000              1.0000000        
P   1
  1     16.1694300              1.0000000        
P   1
  1      8.6642360              1.0000000        
P   1
  1      4.5919430              1.0000000        
P   1
  1      2.3810480              1.0000000        
P   1
  1      1.2062460              1.0000000        
P   1
  1      0.5888220              1.0000000        
P   1
  1      0.2391340              1.0000000        
D   1
  1    159.5563000              1.0000000        
D   1
  1     47.6020400              1.0000000        
D   1
  1     17.7792500              1.0000000        
D   1
  1      7.3446080              1.0000000        
D   1
  1      3.1668510              1.0000000        
D   1
  1      1.3441420              1.0000000        
D   1
  1      0.5441440              1.0000000        
D   1
  1      0.1993190              1.0000000

NICKEL
S   1
  1 25983870.0000000            1.0000000        
S   1
  1 3890234.0000000             1.0000000        
S   1
  1 885337.5000000              1.0000000        
S   1
  1 250791.2000000              1.0000000        
S   1
  1  81827.5300000              1.0000000        
S   1
  1  29545.2000000              1.0000000        
S   1
  1  11525.8100000              1.0000000        
S   1
  1   4782.1330000              1.0000000        
S   1
  1   2087.0970000              1.0000000        
S   1
  1    950.2591000              1.0000000        
S   1
  1    448.3854000              1.0000000        
S   1
  1    218.1483000              1.0000000        
S   1
  1    108.8779000              1.0000000        
S   1
  1     55.1290900              1.0000000        
S   1
  1     26.4411400              1.0000000        
S   1
  1     13.5331900              1.0000000        
S   1
  1      6.9301460              1.0000000        
S   1
  1      3.2469050              1.0000000        
S   1
  1      1.5649260              1.0000000        
S   1
  1      0.7229780              1.0000000        
S   1
  1      0.1740430              1.0000000        
S   1
  1      0.0774220              1.0000000        
S   1
  1      0.0336110              1.0000000        
P   1
  1  45066.6200000              1.0000000        
P   1
  1  10662.6400000              1.0000000        
P   1
  1   3463.4310000              1.0000000        
P   1
  1   1326.6240000              1.0000000        
P   1
  1    564.7414000              1.0000000        
P   1
  1    258.8288000              1.0000000        
P   1
  1    125.3115000              1.0000000        
P   1
  1     63.2423300              1.0000000        
P   1
  1     32.8240600              1.0000000        
P   1
  1     17.3969200              1.0000000        
P   1
  1      9.3243940              1.0000000        
P   1
  1      4.9388390              1.0000000        
P   1
  1      2.5620250              1.0000000        
P   1
  1      1.2992940              1.0000000        
P   1
  1      0.6346780              1.0000000        
P   1
  1      0.2570860              1.0000000        
D   1
  1    378.3807000              1.0000000        
D   1
  1    113.5157000              1.0000000        
D   1
  1     43.8357100              1.0000000        
D   1
  1     18.9048500              1.0000000        
D   1
  1      8.6932550              1.0000000        
D   1
  1      4.1269720              1.0000000        
D   1
  1      1.9467090              1.0000000        
D   1
  1      0.8936870              1.0000000        
D   1
  1      0.3919570              1.0000000        
D   1
  1      0.1572730              1.0000000

COPPER
S   1
  1 26448990.0000000            1.0000000        
S   1
  1 3954373.0000000             1.0000000        
S   1
  1 898801.5000000              1.0000000        
S   1
  1 254395.7000000              1.0000000        
S   1
  1  82974.4100000              1.0000000        
S   1
  1  29956.4000000              1.0000000        
S   1
  1  11686.8600000              1.0000000        
S   1
  1   4849.4280000              1.0000000        
S   1
  1   2116.5640000              1.0000000        
S   1
  1    963.6234000              1.0000000        
S   1
  1    454.6030000              1.0000000        
S   1
  1    221.0992000              1.0000000        
S   1
  1    110.2877000              1.0000000        
S   1
  1     55.8541400              1.0000000        
S   1
  1     27.0300900              1.0000000        
S   1
  1     13.8289300              1.0000000        
S   1
  1      7.0810410              1.0000000        
S   1
  1      3.2915490              1.0000000        
S   1
  1      1.5632460              1.0000000        
S   1
  1      0.7067020              1.0000000        
S   1
  1      0.1424250              1.0000000        
S   1
  1      0.0638040              1.0000000        
S   1
  1      0.0280900              1.0000000        
P   1
  1  33073.5200000              1.0000000        
P   1
  1   7827.0200000              1.0000000        
P   1
  1   2542.4460000              1.0000000        
P   1
  1    973.6580000              1.0000000        
P   1
  1    414.0197000              1.0000000        
P   1
  1    189.3389000              1.0000000        
P   1
  1     91.3880600              1.0000000        
P   1
  1     45.8021800              1.0000000        
P   1
  1     23.5399900              1.0000000        
P   1
  1     12.3092100              1.0000000        
P   1
  1      6.4065700              1.0000000        
P   1
  1      3.2619470              1.0000000        
P   1
  1      1.6134650              1.0000000        
P   1
  1      0.7679120              1.0000000        
P   1
  1      0.3191150              1.0000000        
D   1
  1      0.1769810              1.0000000        
D   1
  1      0.5180840              1.0000000        
D   1
  1      1.3489770              1.0000000        
D   1
  1      3.2793690              1.0000000        
D   1
  1      7.7312460              1.0000000        
D   1
  1     18.7870300              1.0000000        
D   1
  1     50.4815200              1.0000000        
D   1
  1    169.2545000              1.0000000

ZINC
S   1
  1 29563910.0000000            1.0000000        
S   1
  1 4432605.0000000             1.0000000        
S   1
  1 1009744.0000000             1.0000000        
S   1
  1 286234.7000000              1.0000000        
S   1
  1  93444.7100000              1.0000000        
S   1
  1  33755.1600000              1.0000000        
S   1
  1  13173.1200000              1.0000000        
S   1
  1   5467.4180000              1.0000000        
S   1
  1   2386.9110000              1.0000000        
S   1
  1   1087.0970000              1.0000000        
S   1
  1    513.1307000              1.0000000        
S   1
  1    249.7557000              1.0000000        
S   1
  1    124.7304000              1.0000000        
S   1
  1     63.2422100              1.0000000        
S   1
  1     30.4516300              1.0000000        
S   1
  1     15.6255800              1.0000000        
S   1
  1      8.0157260              1.0000000        
S   1
  1      3.7666320              1.0000000        
S   1
  1      1.8116430              1.0000000        
S   1
  1      0.8342890              1.0000000        
S   1
  1      0.1969080              1.0000000        
S   1
  1      0.0859580              1.0000000        
S   1
  1      0.0367090              1.0000000        
P   1
  1  52867.9300000              1.0000000        
P   1
  1  12511.7900000              1.0000000        
P   1
  1   4065.2860000              1.0000000        
P   1
  1   1557.5950000              1.0000000        
P   1
  1    663.2892000              1.0000000        
P   1
  1    304.1561000              1.0000000        
P   1
  1    147.3680000              1.0000000        
P   1
  1     74.4546900              1.0000000        
P   1
  1     38.7149300              1.0000000        
P   1
  1     20.5702200              1.0000000        
P   1
  1     11.0542500              1.0000000        
P   1
  1      5.8746610              1.0000000        
P   1
  1      3.0529360              1.0000000        
P   1
  1      1.5472250              1.0000000        
P   1
  1      0.7541510              1.0000000        
P   1
  1      0.3068730              1.0000000        
D   1
  1    205.5981000              1.0000000        
D   1
  1     61.4459300              1.0000000        
D   1
  1     23.0564300              1.0000000        
D   1
  1      9.5777560              1.0000000        
D   1
  1      4.1336090              1.0000000        
D   1
  1      1.7473240              1.0000000        
D   1
  1      0.6994270              1.0000000        
D   1
  1      0.2515470              1.0000000


