HYDROGEN
S   2
  1      5.4471780              0.1562850        
  2      0.8245470              0.9046910        
S   1
  1      0.1831920              1.0000000

HELIUM
S   2
  1     13.6267000              0.1752300        
  2      1.9993500              0.8934830        
S   1
  1      0.3829930              1.0000000

LITHIUM
S   3
  1      0.6177000             -0.1628700
  2      0.1434000              0.1264300
  3      0.0504800              0.7617900
P   3
  1      0.6177000              0.0620500
  2      0.1434000              0.2471900
  3      0.0504800              0.5214000
S   1
  1      0.0192300              0.2180000
P   1
  1      0.0192300              0.3429000

BERYLLIUM
S   3
  1      1.4470000             -0.1564700
  2      0.3522000              0.1091900
  3      0.1219000              0.6753800
P   3
  1      1.4470000              0.0892400
  2      0.3522000              0.3099900
  3      0.1219000              0.5184200
S   1
  1      0.0439500              0.3298700
P   1
  1      0.0439500              0.2791100

BORON
S   3
  1      2.7100000             -0.1498700
  2      0.6552000              0.0844200
  3      0.2248000              0.6975100
P   3
  1      2.7100000              0.0947400
  2      0.6552000              0.3080700
  3      0.2248000              0.4687600
S   1
  1      0.0758400              0.3284200
P   1
  1      0.0758400              0.3502500

CARBON
S   3
  1      4.2860000             -0.1472200
  2      1.0460000              0.0812500
  3      0.3447000              0.7136000
P   3
  1      4.2860000              0.1025700
  2      1.0460000              0.3298700
  3      0.3447000              0.4821200
S   1
  1      0.1128000              0.3152100
P   1
  1      0.1128000              0.3159300

NITROGEN
S   3
  1      6.4030000             -0.1395500
  2      1.5800000              0.0549200
  3      0.5094000              0.7167800
P   3
  1      6.4030000              0.1033600
  2      1.5800000              0.3320500
  3      0.5094000              0.4870800
S   1
  1      0.1623000              0.3321000
P   1
  1      0.1623000              0.3131200

OXYGEN
S   3
  1      8.5190000             -0.1455100
  2      2.0730000              0.0828600
  3      0.6471000              0.7432500
P   3
  1      8.5190000              0.1100700
  2      2.0730000              0.3496900
  3      0.6471000              0.4809300
S   1
  1      0.2000000              0.2847200
P   1
  1      0.2000000              0.3072700

FLUORINE
S   3
  1     11.1200000             -0.1445100
  2      2.6870000              0.0897100
  3      0.8210000              0.7565900
P   3
  1     11.1200000              0.1130000
  2      2.6870000              0.3584100
  3      0.8210000              0.4800200
S   1
  1      0.2475000              0.2657000
P   1
  1      0.2475000              0.3038100

NEON
S   3
  1     14.0700000             -0.1446300
  2      3.3890000              0.0933100
  3      1.0210000              0.7629700
P   3
  1     14.0700000              0.1151400
  2      3.3890000              0.3647900
  3      1.0210000              0.4805200
S   1
  1      0.3031000              0.2566100
P   1
  1      0.3031000              0.2989600

SODIUM
S   3
  1      0.4299000             -0.2087400
  2      0.0889700              0.3120600
  3      0.0355000              0.7030000
P   3
  1      0.4299000             -0.0257100
  2      0.0889700              0.2160800
  3      0.0355000              0.5419600
S   1
  1      0.0145500              0.1164800
P   1
  1      0.0145500              0.3548400

MAGNESIUM
S   3
  1      0.6606000             -0.2445100
  2      0.1845000              0.2532300
  3      0.0698300              0.6972000
P   3
  1      0.6606000             -0.0442100
  2      0.1845000              0.2732300
  3      0.0698300              0.5762600
S   1
  1      0.0274000              0.2165500
P   1
  1      0.0274000              0.2815200

ALUMINUM
S   3
  1      0.9011000             -0.3037700
  2      0.4495000              0.1338200
  3      0.1405000              0.7603700
P   3
  1      0.9011000             -0.0792900
  2      0.4495000              0.1654000
  3      0.1405000              0.5301500
S   1
  1      0.0487400              0.3223200
P   1
  1      0.0487400              0.4772400

SILICON
S   3
  1      1.1670000             -0.3240300
  2      0.5268000              0.1843800
  3      0.1807000              0.7773700
P   3
  1      1.1670000             -0.0845000
  2      0.5268000              0.2378600
  3      0.1807000              0.5653200
S   1
  1      0.0648000              0.2676700
P   1
  1      0.0648000              0.3743300

PHOSPHORUS
S   3
  1      1.4590000             -0.3409100
  2      0.6549000              0.2153500
  3      0.2256000              0.7957800
P   3
  1      1.4590000             -0.0937800
  2      0.6549000              0.2920500
  3      0.2256000              0.5868800
S   1
  1      0.0811500              0.2309200
P   1
  1      0.0811500              0.3063100

SULFUR
S   3
  1      1.8170000             -0.3401500
  2      0.8379000              0.1960100
  3      0.2854000              0.8266600
P   3
  1      1.8170000             -0.1009600
  2      0.8379000              0.3124400
  3      0.2854000              0.5790600
S   1
  1      0.0993900              0.2165200
P   1
  1      0.0993900              0.3074800

CHLORINE
S   3
  1      2.2250000             -0.3309800
  2      1.1730000              0.1152800
  3      0.3851000              0.8471700
P   3
  1      2.2250000             -0.1260400
  2      1.1730000              0.2995200
  3      0.3851000              0.5835700
S   1
  1      0.1301000              0.2653400
P   1
  1      0.1301000              0.3409700

ARGON
S   3
  1      2.7060000             -0.3128600
  2      1.2780000              0.1182100
  3      0.4354000              0.8678600
P   3
  1      2.7060000             -0.1092700
  2      1.2780000              0.3260100
  3      0.4354000              0.5795200
S   1
  1      0.1476000              0.2226400
P   1
  1      0.1476000              0.3034900

POTASSIUM
S   3
  1      0.2201000             -0.2860270
  2      0.0482500              0.4820500
  3      0.0224200              0.6758410
P   3
  1      0.2201000             -0.0662450
  2      0.0482500              0.3568980
  3      0.0224200              0.7044260
S   1
  1      0.0102000              1.0000000
P   1
  1      0.0102000              1.0000000

CALCIUM
S   3
  1      0.2604000             -0.6764660
  2      0.1439000              0.5256930
  3      0.0485900              0.9602160
P   3
  1      0.2604000             -0.2703740
  2      0.1439000              0.4078070
  3      0.0485900              0.8281290
S   1
  1      0.0216700              1.0000000
P   1
  1      0.0216700              1.0000000

SCANDIUM
S   4
  1     40.0700000             -0.0032960
  2      3.6650000             -0.6556170
  3      3.0470000              0.1032530
  4      0.9588000              1.3201990
P   4
  1     40.0700000             -0.0077530
  2      3.6650000             -0.6155920
  3      3.0470000              0.7802610
  4      0.9588000              0.8340790
S   2
  1      1.2640000             -0.0575960
  2      0.0750200              1.0164680
P   2
  1      1.2640000             -0.0317790
  2      0.0750200              1.0040650
S   1
  1      0.0274100              1.0000000
P   1
  1      0.0274100              1.0000000
S   1
  1      0.3557000              1.0000000
P   1
  1      0.3557000              1.0000000
D   4
  1     23.2400000              0.0262880        
  2      6.1430000              0.1428810        
  3      2.0070000              0.3981780        
  4      0.6652000              0.6402010        
D   1
  1      0.2021000              1.0000000        
D   1
  1      0.0545400              1.0000000

TITANIUM
S   4
  1     51.0800000             -0.0020040
  2      4.1800000             -0.6196860
  3      2.9970000              0.1560290
  4      1.0190000              1.2488170
P   4
  1     51.0800000             -0.0069490
  2      4.1800000             -0.3266130
  3      2.9970000              0.5442540
  4      1.0190000              0.7896310
S   2
  1      1.3830000             -0.0728910
  2      0.0812800              1.0201840
P   2
  1      1.3830000             -0.0259490
  2      0.0812800              1.0033530
S   1
  1      0.0302300              1.0000000
P   1
  1      0.0302300              1.0000000
S   1
  1      0.3745000              1.0000000
P   1
  1      0.3745000              1.0000000
D   4
  1     28.1100000              0.0257460        
  2      7.6300000              0.1412600        
  3      2.5280000              0.4006070        
  4      0.8543000              0.6345320        
D   1
  1      0.2673000              1.0000000        
D   1
  1      0.0743000              1.0000000

VANADIUM
S   4
  1     48.1600000             -0.0042770
  2      4.6850000             -0.5455540
  3      3.1150000              0.1317990
  4      1.0980000              1.2180220
P   4
  1     48.1600000             -0.0080070
  2      4.6850000             -0.2656730
  3      3.1150000              0.5229440
  4      1.0980000              0.7544340
S   2
  1      1.5650000             -0.0854260
  2      0.0940900              1.0235840
P   2
  1      1.5650000             -0.0228160
  2      0.0940900              1.0030660
S   1
  1      0.0337000              1.0000000
P   1
  1      0.0337000              1.0000000
S   1
  1      0.3936000              1.0000000
P   1
  1      0.3936000              1.0000000
D   4
  1     33.3600000              0.0255300        
  2      9.3310000              0.1403360        
  3      3.1580000              0.3979330        
  4      1.1130000              0.6290270        
D   1
  1      0.3608000              1.0000000        
D   1
  1      0.1007000              1.0000000

CHROMIUM
S   4
  1     23.1200000             -0.0059180
  2      5.0360000             -0.5907500
  3      2.8670000              0.2961200
  4      1.1440000              1.1076460
P   4
  1     23.1200000             -0.0180180
  2      5.0360000             -0.1449960
  3      2.8670000              0.4974160
  4      1.1440000              0.6728840
S   2
  1      1.5710000             -0.0903290
  2      0.0965400              1.0251640
P   2
  1      1.5710000             -0.0372810
  2      0.0965400              1.0048790
S   1
  1      0.0349200              1.0000000
P   1
  1      0.0349200              1.0000000
S   1
  1      0.4529000              1.0000000
P   1
  1      0.4529000              1.0000000
D   4
  1     37.8900000              0.0259100        
  2     10.5800000              0.1441300        
  3      3.6030000              0.4035970        
  4      1.2700000              0.6208460        
D   1
  1      0.4118000              1.0000000        
D   1
  1      0.1126000              1.0000000

MANGANESE
S   4
  1     72.1700000             -0.0026350
  2      5.7280000             -0.5931840
  3      3.7290000              0.2246560
  4      1.3210000              1.1753420
P   4
  1     72.1700000             -0.0071720
  2      5.7280000             -0.2456490
  3      3.7290000              0.5322830
  4      1.3210000              0.7305360
S   2
  1      1.8270000             -0.0961460
  2      0.1130000              1.0266680
P   2
  1      1.8270000             -0.0326000
  2      0.1130000              1.0043760
S   1
  1      0.0389000              1.0000000
P   1
  1      0.0389000              1.0000000
S   1
  1      0.4754000              1.0000000
P   1
  1      0.4754000              1.0000000
D   4
  1     42.6300000              0.0260950        
  2     11.9700000              0.1467720        
  3      4.0910000              0.4071150        
  4      1.4500000              0.6145900        
D   1
  1      0.4700000              1.0000000        
D   1
  1      0.1281000              1.0000000

IRON
S   4
  1     70.2800000             -0.0026110
  2      6.0610000             -0.6924350
  3      4.1340000              0.3625300
  4      1.4210000              1.1406450
P   4
  1     70.2800000             -0.0079400
  2      6.0610000             -0.2901510
  3      4.1340000              0.5910280
  4      1.4210000              0.7194480
S   2
  1      1.9780000             -0.0981720
  2      0.1213000              1.0269570
P   2
  1      1.9780000             -0.0337310
  2      0.1213000              1.0044620
S   1
  1      0.0410000              1.0000000
P   1
  1      0.0410000              1.0000000
S   1
  1      0.5121000              1.0000000
P   1
  1      0.5121000              1.0000000
D   4
  1     47.1000000              0.0266080        
  2     13.1200000              0.1520100        
  3      4.4780000              0.4138270        
  4      1.5810000              0.6055420        
D   1
  1      0.5100000              1.0000000        
D   1
  1      0.1382000              1.0000000

COBALT
S   4
  1     75.6800000             -0.0052710
  2      6.4960000             -0.7055250
  3      4.7910000              0.3478800
  4      1.5940000              1.1755950
P   4
  1     75.6800000             -0.0080850
  2      6.4960000             -0.3909880
  3      4.7910000              0.6800780
  4      1.5940000              0.7295940
S   2
  1      2.3370000             -0.0892670
  2      0.1269000              1.0225890
P   2
  1      2.3370000             -0.0159350
  2      0.1269000              1.0019450
S   1
  1      0.0423200              1.0000000
P   1
  1      0.0423200              1.0000000
S   1
  1      0.5572000              1.0000000
P   1
  1      0.5572000              1.0000000
D   4
  1     51.6900000              0.0254470        
  2     14.7000000              0.1495290        
  3      4.8510000              0.4250560        
  4      1.6430000              0.6054650        
D   1
  1      0.5075000              1.0000000        
D   1
  1      0.1433000              1.0000000

NICKEL
S   4
  1     89.3600000             -0.0052200
  2      7.2650000             -0.6839930
  3      5.5720000              0.2510500
  4      1.8500000              1.2364510
P   4
  1     89.3600000             -0.0075290
  2      7.2650000             -0.4458620
  3      5.5720000              0.7063640
  4      1.8500000              0.7536060
S   2
  1      3.2350000             -0.0634180
  2      0.1295000              1.0132370
P   2
  1      3.2350000              0.0011360
  2      0.1295000              0.9998950
S   1
  1      0.0432700              1.0000000
P   1
  1      0.0432700              1.0000000
S   1
  1      0.6594000              1.0000000
P   1
  1      0.6594000              1.0000000
D   4
  1     58.7300000              0.0262460        
  2     16.7100000              0.1503340        
  3      5.7830000              0.4133850        
  4      2.0640000              0.6041140        
D   1
  1      0.6752000              1.0000000        
D   1
  1      0.1825000              1.0000000

COPPER
S   4
  1     83.4200000             -0.0048290
  2      7.9700000             -0.6447990
  3      5.6000000              0.2652400
  4      1.9320000              1.1897910
P   4
  1     83.4200000             -0.0082840
  2      7.9700000             -0.3218950
  3      5.6000000              0.6181330
  4      1.9320000              0.7221840
S   2
  1      2.8660000             -0.0747740
  2      0.1319000              1.0170370
P   2
  1      2.8660000             -0.0005410
  2      0.1319000              1.0000580
S   1
  1      0.0440000              1.0000000
P   1
  1      0.0440000              1.0000000
S   1
  1      0.6874000              1.0000000
P   1
  1      0.6874000              1.0000000
D   4
  1     65.8000000              0.0255970        
  2     18.8200000              0.1486090        
  3      6.5380000              0.4117860        
  4      2.3480000              0.6055070        
D   1
  1      0.7691000              1.0000000        
D   1
  1      0.2065000              1.0000000

ZINC
S   4
  1    113.5000000             -0.0042800
  2      8.3080000             -0.8202320
  3      6.3320000              0.4250060
  4      2.1460000              1.1980770
P   4
  1    113.5000000             -0.0074290
  2      8.3080000             -0.4326050
  3      6.3320000              0.7234510
  4      2.1460000              0.7272170
S   2
  1      2.9060000             -0.0823560
  2      0.1623000              1.0215740
P   2
  1      2.9060000             -0.0230010
  2      0.1623000              1.0028240
S   1
  1      0.0536900              1.0000000
P   1
  1      0.0536900              1.0000000
S   1
  1      0.8116000              1.0000000
P   1
  1      0.8116000              1.0000000
D   4
  1     65.9900000              0.0276530        
  2     19.8100000              0.1587940        
  3      6.9450000              0.4209710        
  4      2.5430000              0.5852770        
D   1
  1      0.9165000              1.0000000        
D   1
  1      0.3264000              1.0000000

GALLIUM
S   4
  1    113.9000000             -0.0017110
  2      9.1550000             -0.8230360
  3      6.6330000              0.4586180
  4      2.2780000              1.1618170
P   4
  1    113.9000000             -0.0080460
  2      9.1550000             -0.3574320
  3      6.6330000              0.6637940
  4      2.2780000              0.7136190
S   1
  1      0.0746100              1.0000000
P   1
  1      0.0746100              1.0000000
S   2
  1      2.1230000             -0.1455060
  2      0.1939000              1.0511470
P   2
  1      2.1230000             -0.0962610
  2      0.1939000              1.0175730
S   1
  1      0.8818000              1.0000000
P   1
  1      0.8818000              1.0000000
D   4
  1     70.4300000              0.0288770        
  2     21.0500000              0.1662530        
  3      7.4010000              0.4277760        
  4      2.7520000              0.5704100        
D   1
  1      1.0260000              1.0000000        
D   1
  1      0.3907000              1.0000000

GERMANIUM
S   4
  1      1.8340000              0.4938600
  2      1.5290000             -0.8573540
  3      0.3594000              0.4108300
  4      0.1470000              0.8003780
P   4
  1      1.8340000              0.0064140
  2      1.5290000             -0.0860520
  3      0.3594000              0.3832320
  4      0.1470000              0.6981850
S   1
  1      0.0559800              1.0000000
P   1
  1      0.0559800              1.0000000

ARSENIC
S   4
  1      2.7090000              0.1214790
  2      1.5780000             -0.5189180
  3      0.4358000              0.4287910
  4      0.1776000              0.8080780
P   4
  1      2.7090000             -0.0029200
  2      1.5780000             -0.0950540
  3      0.4358000              0.4246820
  4      0.1776000              0.6712900
S   1
  1      0.0698400              1.0000000
P   1
  1      0.0698400              1.0000000

SELENIUM
S   4
  1      3.7110000              0.0557440
  2      1.5860000             -0.5105200
  3      0.5339000              0.4807550
  4      0.2085000              0.8102920
P   4
  1      3.7110000             -0.0060140
  2      1.5860000             -0.1214470
  3      0.5339000              0.4526070
  4      0.2085000              0.6697510
S   1
  1      0.0782100              1.0000000
P   1
  1      0.0782100              1.0000000

BROMINE
S   4
  1      3.2760000              0.2005700
  2      2.0440000             -0.6492960
  3      0.6398000              0.4054010
  4      0.2561000              0.8726070
P   4
  1      3.2760000              0.0054110
  2      2.0440000             -0.1323910
  3      0.6398000              0.4300270
  4      0.2561000              0.6860090
S   1
  1      0.0956700              1.0000000
P   1
  1      0.0956700              1.0000000

KRYPTON
S   4
  1      3.0810000              0.5337890
  2      2.4130000             -1.0014650
  3      0.7386000              0.4155100
  4      0.2941000              0.8801030
P   4
  1      3.0810000              0.0359060
  2      2.4130000             -0.1696950
  3      0.7386000              0.4350800
  4      0.2941000              0.6857600
S   1
  1      0.1095000              1.0000000
P   1
  1      0.1095000              1.0000000

RUBIDIUM
S   3
  1      0.1543000             -0.7533900
  2      0.0989200              0.4062700
  3      0.0322700              1.1124870
P   3
  1      0.1543000             -0.1086840
  2      0.0989200              0.0555870
  3      0.0322700              1.0141680
S   1
  1      0.0149000              1.0000000
P   1
  1      0.0149000              1.0000000

STRONTIUM
S   3
  1      0.1836000             -1.0751390
  2      0.1252000              0.9470370
  3      0.0396800              0.9342260
P   3
  1      0.1836000             -0.9555490
  2      0.1252000              0.8564470
  3      0.0396800              0.8715580
S   1
  1      0.0184000              1.0000000
P   1
  1      0.0184000              1.0000000

YTTRIUM
S   4
  1     29.8400000             -0.0062940
  2      3.2420000              1.4362310
  3      2.6940000             -2.5502130
  4      0.8430000              1.7560650
P   4
  1     29.8400000             -0.0034570
  2      3.2420000             -0.0973860
  3      2.6940000             -0.0989330
  4      0.8430000              1.1121900
S   2
  1      1.3240000             -0.0579760
  2      0.0680600              1.0148740
P   2
  1      1.3240000             -0.0258910
  2      0.0680600              1.0028330
S   1
  1      0.0272900              1.0000000
P   1
  1      0.0272900              1.0000000
S   1
  1      0.3015000              1.0000000
P   1
  1      0.3015000              1.0000000
D   3
  1      5.3990000              0.0120200        
  2      1.0660000              0.3429500        
  3      0.3892000              0.7393970        
D   1
  1      0.1300000              1.0000000        
D   1
  1      0.0412100              1.0000000

ZIRCONIUM
S   4
  1     30.5300000             -0.0045040
  2      3.5180000              1.7088990
  3      2.9710000             -2.9185180
  4      0.9587000              1.8229580
P   4
  1     30.5300000             -0.0040920
  2      3.5180000             -0.0786650
  3      2.9710000             -0.1405880
  4      0.9587000              1.1305260
S   2
  1      0.9293000             -0.0619580
  2      0.0691000              1.0207390
P   2
  1      0.9293000             -0.0602170
  2      0.0691000              1.0093020
S   1
  1      0.0275900              1.0000000
P   1
  1      0.0275900              1.0000000
S   1
  1      0.3764000              1.0000000
P   1
  1      0.3764000              1.0000000
D   3
  1      6.1910000              0.0120000        
  2      1.3200000              0.3250050        
  3      0.5359000              0.7402990        
D   1
  1      0.1900000              1.0000000        
D   1
  1      0.0590000              1.0000000

NIOBIUM
S   4
  1     38.5300000             -0.0020590
  2      3.9070000              1.6188670
  3      3.2740000             -2.8308600
  4      1.0520000              1.8184650
P   4
  1     38.5300000             -0.0035760
  2      3.9070000             -0.0332170
  3      3.2740000             -0.1855680
  4      1.0520000              1.1334710
S   2
  1      1.0570000             -0.0719190
  2      0.0787600              1.0237970
P   2
  1      1.0570000             -0.0678150
  2      0.0787600              1.0102540
S   1
  1      0.0309100              1.0000000
P   1
  1      0.0309100              1.0000000
S   1
  1      0.4165000              1.0000000
P   1
  1      0.4165000              1.0000000
D   3
  1      7.9940000              0.0104330        
  2      1.5500000              0.3180710        
  3      0.6666000              0.7396540        
D   1
  1      0.2462000              1.0000000        
D   1
  1      0.0786000              1.0000000

MOLYBDENUM
S   4
  1     39.6700000             -0.0097160
  2      4.6330000              0.7701260
  3      3.2080000             -2.2295300
  4      1.2240000              2.0464950
P   4
  1     39.6700000             -0.0040150
  2      4.6330000             -0.0341460
  3      3.2080000             -0.2518170
  4      1.2240000              1.1923470
S   2
  1      1.1810000             -0.0752220
  2      0.0848900              1.0241370
P   2
  1      1.1810000             -0.0719710
  2      0.0848900              1.0102270
S   1
  1      0.0327600              1.0000000
P   1
  1      0.0327600              1.0000000
S   1
  1      0.4728000              1.0000000
P   1
  1      0.4728000              1.0000000
D   3
  1      9.0510000              0.0108830        
  2      1.7770000              0.3118290        
  3      0.7848000              0.7418020        
D   1
  1      0.2899000              1.0000000        
D   1
  1      0.0910700              1.0000000

TECHNETIUM
S   4
  1     48.8700000             -0.0064850
  2      4.7700000              1.3309300
  3      3.7400000             -2.6988320
  4      1.3050000              1.9562630
P   4
  1     48.8700000             -0.0034920
  2      4.7700000              0.0375140
  3      3.7400000             -0.2978010
  4      1.3050000              1.1749000
S   2
  1      1.7440000             -0.0942750
  2      0.1206000              1.0286040
P   2
  1      1.7440000             -0.0854010
  2      0.1206000              1.0109460
S   1
  1      0.0431000              1.0000000
P   1
  1      0.0431000              1.0000000
S   1
  1      0.4940000              1.0000000
P   1
  1      0.4940000              1.0000000
D   3
  1      9.4510000              0.0121950        
  2      1.8870000              0.3469500        
  3      0.8506000              0.7071230        
D   1
  1      0.3258000              1.0000000        
D   1
  1      0.1031000              1.0000000

RUTHENIUM
S   4
  1     56.0000000             -0.0028370
  2      4.6250000              1.8916610
  3      3.7930000             -3.4310110
  4      1.3670000              2.0744460
P   4
  1     56.0000000             -0.0031980
  2      4.6250000             -0.1037660
  3      3.7930000             -0.1275940
  4      1.3670000              1.1465330
S   2
  1      1.5280000             -0.0690350
  2      0.0967300              1.0203430
P   2
  1      1.5280000             -0.0729900
  2      0.0967300              1.0086420
S   1
  1      0.0363600              1.0000000
P   1
  1      0.0363600              1.0000000
S   1
  1      0.5183000              1.0000000
P   1
  1      0.5183000              1.0000000
D   3
  1     10.3000000              0.0119610        
  2      2.0440000              0.3645750        
  3      0.8988000              0.6943160        
D   1
  1      0.3443000              1.0000000        
D   1
  1      0.1108000              1.0000000

RHODIUM
S   4
  1     56.8700000             -0.0030870
  2      5.9450000              0.7005100
  3      4.0780000             -2.1608670
  4      1.5470000              2.0294340
P   4
  1     56.8700000             -0.0037480
  2      5.9450000             -0.0147720
  3      4.0780000             -0.2689750
  4      1.5470000              1.1936040
S   2
  1      1.8940000             -0.0817000
  2      0.1179000              1.0233080
P   2
  1      1.8940000             -0.0710930
  2      0.1179000              1.0082800
S   1
  1      0.0421900              1.0000000
P   1
  1      0.0421900              1.0000000
S   1
  1      0.5963000              1.0000000
P   1
  1      0.5963000              1.0000000
D   3
  1     11.5600000              0.0135190        
  2      2.2400000              0.3700810        
  3      1.0150000              0.6849360        
D   1
  1      0.3960000              1.0000000        
D   1
  1      0.1262000              1.0000000

PALLADIUM
S   4
  1     41.8200000             -0.0165220
  2      5.4600000              2.7494780
  3      4.6000000             -4.4573430
  4      1.7520000              2.2539330
P   4
  1     41.8200000             -0.0055550
  2      5.4600000              0.0567730
  3      4.6000000             -0.3886410
  4      1.7520000              1.2319970
S   2
  1      2.1770000             -0.0750290
  2      0.1149000              1.0190490
P   2
  1      2.1770000             -0.0561780
  2      0.1149000              1.0055150
S   1
  1      0.0421900              1.0000000
P   1
  1      0.0421900              1.0000000
S   1
  1      0.6691000              1.0000000
P   1
  1      0.6691000              1.0000000
D   3
  1     12.4000000              0.0137590        
  2      2.4040000              0.3941210        
  3      1.1430000              0.6559460        
D   1
  1      0.4693000              1.0000000        
D   1
  1      0.1513000              1.0000000

SILVER
S   4
  1     63.5600000             -0.0007310
  2      6.3900000              1.3927360
  3      5.0220000             -2.8731020
  4      1.7890000              2.0173610
P   4
  1     63.5600000             -0.0042340
  2      6.3900000              0.0612760
  3      5.0220000             -0.3387460
  4      1.7890000              1.1908320
S   2
  1      2.4510000             -0.0725390
  2      0.1561000              1.0213580
P   2
  1      2.4510000             -0.0498300
  2      0.1561000              1.0065160
S   1
  1      0.0522700              1.0000000
P   1
  1      0.0522700              1.0000000
S   1
  1      0.6871000              1.0000000
P   1
  1      0.6871000              1.0000000
D   3
  1     14.6400000              0.0136280        
  2      2.6930000              0.3726950        
  3      1.2330000              0.6812940        
D   1
  1      0.5057000              1.0000000        
D   1
  1      0.1900000              1.0000000

CADMIUM
S   4
  1     63.3800000             -0.0004640
  2      6.7140000              2.2928770
  3      5.6020000             -3.9028840
  4      1.9710000              2.0846040
P   4
  1     63.3800000             -0.0048740
  2      6.7140000              0.1896300
  3      5.6020000             -0.4918720
  4      1.9710000              1.2135010
S   2
  1      2.6960000             -0.0648660
  2      0.1758000              1.0196610
P   2
  1      2.6960000             -0.0533380
  2      0.1758000              1.0071020
S   1
  1      0.0564700              1.0000000
P   1
  1      0.0564700              1.0000000
S   1
  1      0.7689000              1.0000000
P   1
  1      0.7689000              1.0000000
D   3
  1     15.5100000              0.0120650        
  2      2.9410000              0.3701680        
  3      1.3790000              0.6807600        
D   1
  1      0.5782000              1.0000000        
D   1
  1      0.2300000              1.0000000

INDIUM
S   4
  1     71.7600000              0.0007330
  2      7.6540000              1.0897810
  3      5.6160000             -2.7310890
  4      2.1040000              2.1128440
P   4
  1     71.7600000             -0.0045130
  2      7.6540000              0.0316150
  3      5.6160000             -0.3380060
  4      2.1040000              1.2134640
S   1
  1      0.0826700              1.0000000
P   1
  1      0.0826700              1.0000000
S   2
  1      2.6100000             -0.0996900
  2      0.1901000              1.0312300
P   2
  1      2.6100000             -0.1103170
  2      0.1901000              1.0139000
S   1
  1      0.8410000              1.0000000
P   1
  1      0.8410000              1.0000000
D   3
  1     17.1600000              0.0148930        
  2      3.1270000              0.3881350        
  3      1.4750000              0.6626390        
D   1
  1      0.6452000              1.0000000        
D   1
  1      0.2754000              1.0000000

TIN
S   4
  1      2.6040000              0.0310420
  2      0.7532000             -0.6118590
  3      0.3191000              0.5481630
  4      0.1239000              0.8491500
P   4
  1      2.6040000             -0.0050530
  2      0.7532000             -0.1801000
  3      0.3191000              0.3700680
  4      0.1239000              0.7813340
S   1
  1      0.0479800              1.0000000
P   1
  1      0.0479800              1.0000000

ANTIMONY
S   4
  1      0.9922000              0.6900760
  2      0.8089000             -1.5804950
  3      0.4312000              0.8152480
  4      0.1498000              0.8949940
P   4
  1      0.9922000              0.1802290
  2      0.8089000             -0.4870930
  3      0.4312000              0.4739360
  4      0.1498000              0.8044140
S   1
  1      0.0580300              1.0000000
P   1
  1      0.0580300              1.0000000

TELLURIUM
S   4
  1      2.3640000              0.0871790
  2      0.9769000             -0.7768260
  3      0.4647000              0.5632500
  4      0.1771000              0.9260530
P   4
  1      2.3640000             -0.0039820
  2      0.9769000             -0.2369000
  3      0.4647000              0.4014670
  4      0.1771000              0.7931790
S   1
  1      0.0673700              1.0000000
P   1
  1      0.0673700              1.0000000

IODINE
S   4
  1      2.6250000              0.0736600
  2      1.0140000             -0.8368700
  3      0.5009000              0.6562470
  4      0.2023000              0.9007440
P   4
  1      2.6250000             -0.0088800
  2      1.0140000             -0.2573510
  3      0.5009000              0.4553680
  4      0.2023000              0.7601070
S   1
  1      0.0780000              1.0000000
P   1
  1      0.0780000              1.0000000

XENON
S   4
  1      1.7390000              0.3490910
  2      1.1690000             -1.1975120
  3      0.5765000              0.7584090
  4      0.2218000              0.8886990
P   4
  1      1.7390000             -0.0054290
  2      1.1690000             -0.2773420
  3      0.5765000              0.4671890
  4      0.2218000              0.7634560
S   1
  1      0.0848600              1.0000000
P   1
  1      0.0848600              1.0000000

CESIUM
S   3
  1      0.1157000             -0.5199940
  2      0.0531700              0.4933610
  3      0.0189700              0.8723120
P   3
  1      0.1157000             -0.1505600
  2      0.0531700              0.2216020
  3      0.0189700              0.8964860
S   1
  1      0.0077400              1.0000000
P   1
  1      0.0077400              1.0000000

BARIUM
S   3
  1      0.1266000             -1.5602870
  2      0.0943300              1.4825380
  3      0.0302000              0.8789170
P   3
  1      0.1266000             -0.6866370
  2      0.0943300              0.8073460
  3      0.0302000              0.8224360
S   1
  1      0.0153100              1.0000000
P   1
  1      0.0153100              1.0000000

LANTHANUM
S   5
  1      9.1730000             -0.0548330
  2      3.1200000              0.6766040
  3      2.1040000             -1.0344290
  4      1.3200000             -0.5189070
  5      0.4960000              1.6316030
P   5
  1      9.1730000             -0.0097980
  2      3.1200000              0.2312620
  3      2.1040000             -0.6012150
  4      1.3200000              0.1951890
  5      0.4960000              1.0761370
S   2
  1      0.6182000             -0.1070950
  2      0.0454600              1.0334480
P   2
  1      0.6182000             -0.0518690
  2      0.0454600              1.0081080
S   1
  1      0.0177500              1.0000000
P   1
  1      0.0177500              1.0000000
S   1
  1      0.2004000              1.0000000
P   1
  1      0.2004000              1.0000000
D   3
  1      1.2380000             -0.0537970        
  2      0.6061000              0.3801440        
  3      0.2518000              0.7203490        
D   1
  1      0.0978700              1.0000000        
D   1
  1      0.0353600              1.0000000

CERIUM
S   3
  1      3.4570000              3.1374910
  2      4.2910000             -1.4295170
  3      2.2900000             -2.6758480
P   3
  1      3.4570000              1.9497170
  2      4.2910000             -0.9123110
  3      2.2900000             -2.0200370
S   1
  1      0.2857000              1.0000000
P   1
  1      0.2857000              1.0000000
S   1
  1      0.6684000              1.0000000
P   1
  1      0.6684000              1.0000000
S   1
  1      0.0695700              1.0000000
P   1
  1      0.0695700              1.0000000
D   2
  1      0.5916000              0.3946620        
  2      0.3002000              0.6503440        
D   1
  1      0.1244000              1.0000000        
F   5
  1     83.8800000              0.0073850        
  2     29.9700000              0.0618920        
  3     13.0500000              0.2011820        
  4      5.7270000              0.3887940        
  5      2.5490000              0.5522320        
F   2
  1      1.0750000              0.7217270        
  2      0.3986000              0.3878060

HAFNIUM
S   4
  1      4.7110000              0.4032730
  2      3.3310000             -0.9965400
  3      0.9844000              0.9793380
  4      0.3587000              0.4457910
P   4
  1      4.7110000              0.0137910
  2      3.3310000             -0.1799910
  3      0.9844000              0.6936010
  4      0.3587000              0.4618770
S   1
  1      0.0856800              1.0000000
P   1
  1      0.0856800              1.0000000
S   1
  1      0.0350000              1.0000000
P   1
  1      0.0350000              1.0000000
S   1
  1      0.6448000              1.0000000
P   1
  1      0.6448000              1.0000000
D   3
  1      3.2980000             -0.0050620        
  2      0.9286000              0.4276360        
  3      0.3405000              0.6679430        
D   1
  1      0.1230000              1.0000000        
D   1
  1      0.0426800              1.0000000

TANTALUM
S   4
  1      5.5540000              0.2644290
  2      3.4360000             -0.8658430
  3      1.0330000              1.0085830
  4      0.3747000              0.4208260
P   4
  1      5.5540000              0.0160920
  2      3.4360000             -0.1828620
  3      1.0330000              0.7224420
  4      0.3747000              0.4361680
S   1
  1      0.0934000              1.0000000
P   1
  1      0.0934000              1.0000000
S   1
  1      0.0368400              1.0000000
P   1
  1      0.0368400              1.0000000
S   1
  1      0.7315000              1.0000000
P   1
  1      0.7315000              1.0000000
D   3
  1      3.4380000             -0.0107970        
  2      1.0160000              0.4394740        
  3      0.3733000              0.6589290        
D   1
  1      0.1351000              1.0000000        
D   1
  1      0.0480700              1.0000000

TUNGSTEN
S   4
  1      4.3280000              1.9739600
  2      3.8980000             -2.6053770
  3      1.1080000              1.0529200
  4      0.4047000              0.4126130
P   4
  1      4.3280000              0.1727520
  2      3.8980000             -0.3483720
  3      1.1080000              0.7274250
  4      0.4047000              0.4346350
S   1
  1      0.0977600              1.0000000
P   1
  1      0.0977600              1.0000000
S   1
  1      0.0375000              1.0000000
P   1
  1      0.0375000              1.0000000
S   1
  1      0.8219000              1.0000000
P   1
  1      0.8219000              1.0000000
D   3
  1      3.6530000             -0.0162970        
  2      1.1120000              0.4501080        
  3      0.4148000              0.6488570        
D   1
  1      0.1495000              1.0000000        
D   1
  1      0.0525500              1.0000000

RHENIUM
S   4
  1      4.6660000              1.4517090
  2      4.0620000             -2.1017710
  3      1.1880000              1.0622950
  4      0.4339000              0.4166940
P   4
  1      4.6660000              0.1564570
  2      4.0620000             -0.3429000
  3      1.1880000              0.7385950
  4      0.4339000              0.4320920
S   1
  1      0.1048000              1.0000000
P   1
  1      0.1048000              1.0000000
S   1
  1      0.0398100              1.0000000
P   1
  1      0.0398100              1.0000000
S   1
  1      0.9127000              1.0000000
P   1
  1      0.9127000              1.0000000
D   3
  1      3.8460000             -0.0213600        
  2      1.2160000              0.4562840        
  3      0.4585000              0.6436060        
D   1
  1      0.1659000              1.0000000        
D   1
  1      0.0583600              1.0000000

OSMIUM
S   4
  1      5.0190000              1.7267290
  2      4.4440000             -2.3641850
  3      1.2300000              1.0704060
  4      0.4501000              0.3919560
P   4
  1      5.0190000              0.2839560
  2      4.4440000             -0.4621630
  3      1.2300000              0.7632510
  4      0.4501000              0.4039440
S   1
  1      0.1104000              1.0000000
P   1
  1      0.1104000              1.0000000
S   1
  1      0.0410100              1.0000000
P   1
  1      0.0410100              1.0000000
S   1
  1      1.0020000              1.0000000
P   1
  1      1.0020000              1.0000000
D   3
  1      3.8290000             -0.0281630        
  2      1.3390000              0.4576330        
  3      0.5165000              0.6425510        
D   1
  1      0.1880000              1.0000000        
D   1
  1      0.0655200              1.0000000

IRIDIUM
S   4
  1      5.5220000              1.0528490
  2      4.5790000             -1.6970010
  3      1.2890000              1.0876090
  4      0.4734000              0.3772300
P   4
  1      5.5220000              0.1439880
  2      4.5790000             -0.3255630
  3      1.2890000              0.7764420
  4      0.4734000              0.3893280
S   1
  1      0.1159000              1.0000000
P   1
  1      0.1159000              1.0000000
S   1
  1      0.0427600              1.0000000
P   1
  1      0.0427600              1.0000000
S   1
  1      1.1160000              1.0000000
P   1
  1      1.1160000              1.0000000
D   3
  1      4.3930000             -0.0253910        
  2      1.4030000              0.4757180        
  3      0.5593000              0.6181820        
D   1
  1      0.2129000              1.0000000        
D   1
  1      0.0763400              1.0000000

PLATINUM
S   4
  1      6.6530000              0.2822560
  2      3.9950000             -1.0759670
  3      1.5410000              1.1312550
  4      0.5599000              0.4782410
P   4
  1      6.6530000              0.0365750
  2      3.9950000             -0.2846060
  3      1.5410000              0.7523460
  4      0.5599000              0.4765850
S   1
  1      0.1277000              1.0000000
P   1
  1      0.1277000              1.0000000
S   1
  1      0.0475400              1.0000000
P   1
  1      0.0475400              1.0000000
S   1
  1      1.2000000              1.0000000
P   1
  1      1.2000000              1.0000000
D   3
  1      4.6580000             -0.0263270        
  2      1.4870000              0.4959950        
  3      0.6093000              0.5948770        
D   1
  1      0.2527000              1.0000000        
D   1
  1      0.0950800              1.0000000

GOLD
S   4
  1      7.4190000              0.2225460
  2      4.0230000             -1.0860450
  3      1.6980000              1.1560390
  4      0.6271000              0.5180610
P   4
  1      7.4190000              0.0199240
  2      4.0230000             -0.2999970
  3      1.6980000              0.7489190
  4      0.6271000              0.5040230
S   1
  1      0.1515000              1.0000000
P   1
  1      0.1515000              1.0000000
S   1
  1      0.0492500              1.0000000
P   1
  1      0.0492500              1.0000000
S   1
  1      1.5020000              1.0000000
P   1
  1      1.5020000              1.0000000
D   3
  1      3.6300000             -0.0874020        
  2      1.9120000              0.4686340        
  3      0.8423000              0.6548050        
D   1
  1      0.3756000              1.0000000        
D   1
  1      0.1544000              1.0000000

MERCURY
S   5
  1     25.5400000             -0.0220410
  2      8.4580000              0.3098450
  3      4.4930000             -1.0809840
  4      1.7510000              1.0936000
  5      0.6753000              0.5192020
P   5
  1     25.5400000             -0.0060680
  2      8.4580000              0.0630000
  3      4.4930000             -0.3145020
  4      1.7510000              0.7463980
  5      0.6753000              0.4872530
S   1
  1      0.1520000              1.0000000
P   1
  1      0.1520000              1.0000000
S   1
  1      0.0478000              1.0000000
P   1
  1      0.0478000              1.0000000
S   1
  1      1.5860000              1.0000000
P   1
  1      1.5860000              1.0000000
D   3
  1      4.2040000             -0.0558490        
  2      1.8710000              0.4782210        
  3      0.8215000              0.6220060        
D   1
  1      0.3700000              1.0000000        
D   1
  1      0.1674000              1.0000000

THALLIUM
S   5
  1     27.7200000             -0.0159390
  2      8.5830000              0.3072290
  3      4.6500000             -1.1245120
  4      1.8760000              1.1147980
  5      0.7369000              0.5317580
P   5
  1     27.7200000             -0.0052810
  2      8.5830000              0.0724550
  3      4.6500000             -0.3434130
  4      1.8760000              0.7596200
  5      0.7369000              0.4895500
S   1
  1      0.1600000              1.0000000
P   1
  1      0.1600000              1.0000000
S   1
  1      0.0618100              1.0000000
P   1
  1      0.0618100              1.0000000
S   1
  1      1.6290000              1.0000000
P   1
  1      1.6290000              1.0000000
D   3
  1      4.2840000             -0.0774320        
  2      2.1360000              0.4554020        
  3      0.9832000              0.6528920        
D   1
  1      0.4500000              1.0000000        
D   1
  1      0.2040000              1.0000000

LEAD
S   4
  1      1.5340000              0.2256520
  2      0.9923000             -0.6589980
  3      0.2241000              0.7662140
  4      0.0966400              0.5009340
P   4
  1      1.5340000              0.0282570
  2      0.9923000             -0.1406590
  3      0.2241000              0.4281320
  4      0.0966400              0.6634220
S   1
  1      0.0390000              1.0000000
P   1
  1      0.0390000              1.0000000

BISMUTH
S   4
  1      1.7460000              0.1623270
  2      0.9925000             -0.6538540
  3      0.2642000              0.8013500
  4      0.1135000              0.5168610
P   4
  1      1.7460000              0.0160870
  2      0.9925000             -0.1582840
  3      0.2642000              0.4609320
  4      0.1135000              0.6497700
S   1
  1      0.0464200              1.0000000
P   1
  1      0.0464200              1.0000000

POLONIUM
S   4
  1      1.8970000              0.1326900
  2      1.0000000             -0.6815460
  3      0.3107000              0.8401790
  4      0.1273000              0.5369420
P   4
  1      1.8970000              0.0067960
  2      1.0000000             -0.1761420
  3      0.3107000              0.4900920
  4      0.1273000              0.6457590
S   1
  1      0.0510000              1.0000000
P   1
  1      0.0510000              1.0000000

ASTATINE
S   4
  1      2.6760000              0.0689730
  2      0.9805000             -0.7186680
  3      0.3598000              0.9171230
  4      0.1483000              0.5467490
P   4
  1      2.6760000             -0.0026520
  2      0.9805000             -0.1949710
  3      0.3598000              0.5061720
  4      0.1483000              0.6531710
S   1
  1      0.0588700              1.0000000
P   1
  1      0.0588700              1.0000000

RADON
S   4
  1      2.4890000              0.0828200
  2      1.0130000             -0.8032000
  3      0.4072000              0.9830730
  4      0.1646000              0.5530510
P   4
  1      2.4890000              0.0047270
  2      1.0130000             -0.2311800
  3      0.4072000              0.5413540
  4      0.1646000              0.6477450
S   1
  1      0.0650000              1.0000000
P   1
  1      0.0650000              1.0000000


