# Olympe (9356952-det wf)
1     7883.7443    9829.1905
5     1629.0612    2022.3561
10     832.8855    1029.9124
20     440.7613     537.3718
30     303.3079     378.6931
40     246.1153     296.3148
50     201.8428     241.5513


# Irene (9356952-det and 42959496-det wf)
1   4935.8080  6152.2916  24586.619 37440.5884
10   525.9498   652.2256   2458.6619 3086.1905
25   237.4663   286.0648   1041.6905 1295.4332
50   144.3955   174.1193    588.3493  724.2491
75   109.1328   129.1688    446.7379  537.5888
100  100.7537   103.4340    367.2123  450.3191
150   82.0399    91.7735    298.6261  358.2490
200   75.6173    85.2520    268.9631  312.2254

